0 0.6921875 0.41015625 0.0234375 0.1203125
0 0.88125 0.45 0.0171875 0.1015625
0 0.784375 0.43359375 0.0375 0.134375
0 0.70625 0.41953125 0.0203125 0.1
0 0.50703125 0.3921875 0.015625 0.0609375
0 0.4921875 0.38984375 0.0171875 0.0765625
0 0.5359375 0.39921875 0.028125 0.1
0 0.475 0.396875 0.0140625 0.0671875
0 0.4625 0.39765625 0.015625 0.0625
0 0.178125 0.36484375 0.0515625 0.2796875
0 0.15234375 0.378125 0.0859375 0.5484375
0 0.22734375 0.39453125 0.08125 0.315625
0 0.59375 0.51875 0.1625 0.915625
0 0.39140625 0.48984375 0.18125 0.8859375