0 0.30390625 0.440625 0.0296875 0.121875
0 0.1171875 0.509375 0.021875 0.1015625
0 0.21328125 0.47734375 0.04375 0.1375
0 0.290625 0.45234375 0.025 0.1
0 0.4875 0.39375 0.01875 0.0625
0 0.50234375 0.3890625 0.0203125 0.078125
0 0.459375 0.4046875 0.0328125 0.1015625
0 0.5203125 0.39375 0.0171875 0.06875
0 0.53203125 0.39296875 0.0171875 0.0640625
0 0.8140625 0.315625 0.065625 0.28125
0 0.840625 0.32421875 0.1125 0.55
0 0.76640625 0.353125 0.0953125 0.321875
0 0.4078125 0.53359375 0.2046875 0.921875
0 0.6078125 0.47265625 0.221875 0.8953125