0 0.196875 0.56015625 0.040625 0.125
0 0.134375 0.5796875 0.0515625 0.184375
0 0.1 0.5875 0.04375 0.16875
0 0.740625 0.496875 0.0484375 0.215625
0 0.865625 0.484375 0.065625 0.271875
0 0.909375 0.47890625 0.04375 0.2609375
0 0.303125 0.596875 0.06875 0.3828125
0 0.5125 0.57265625 0.0703125 0.296875
0 0.559375 0.56484375 0.0546875 0.2625
0 0.6171875 0.5578125 0.046875 0.2640625
0 0.5859375 0.56640625 0.0640625 0.3109375
0 0.3984375 0.6203125 0.225 0.7578125
0 0.803125 0.571875 0.1609375 0.609375
0 0.2703125 0.67578125 0.0671875 0.303125
0 0.684375 0.6140625 0.125 0.5734375