0 0.1984375 0.5703125 0.0421875 0.1265625
0 0.134375 0.590625 0.053125 0.184375
0 0.10078125 0.6 0.0453125 0.16875
0 0.740625 0.48984375 0.05 0.215625
0 0.865625 0.4734375 0.06875 0.271875
0 0.90859375 0.46640625 0.0453125 0.2609375
0 0.30390625 0.603125 0.0703125 0.3828125
0 0.5125 0.57265625 0.075 0.2984375
0 0.559375 0.5625 0.0578125 0.2640625
0 0.61796875 0.55390625 0.05 0.265625
0 0.5859375 0.5640625 0.0671875 0.3125
0 0.4 0.62109375 0.23125 0.75625
0 0.803125 0.5625 0.165625 0.6109375
0 0.271875 0.6828125 0.0703125 0.303125
0 0.68515625 0.6078125 0.13125 0.5765625