0 0.7 0.2 0.078125 0.2890625
0 0.821875 0.1640625 0.0734375 0.3
0 0.65859375 0.24375 0.078125 0.2671875
0 0.51953125 0.3234375 0.09375 0.3546875
0 0.66328125 0.3546875 0.075 0.3
0 0.5 0.421875 0.084375 0.26875
0 0.7546875 0.33671875 0.1015625 0.3515625
0 0.8171875 0.31640625 0.096875 0.346875
0 0.6390625 0.390625 0.071875 0.3078125
0 0.5703125 0.41953125 0.0859375 0.3421875
0 0.221875 0.57578125 0.1015625 0.321875
0 0.4140625 0.50859375 0.0671875 0.2578125
0 0.4640625 0.51640625 0.096875 0.34375
0 0.3796875 0.596875 0.1390625 0.375
0 0.29765625 0.678125 0.1296875 0.4015625
0 0.2390625 0.71328125 0.0640625 0.3125
0 0.64296875 0.5734375 0.1203125 0.371875
0 0.7375 0.53984375 0.140625 0.409375
0 0.2125 0.74375 0.0984375 0.3765625
0 0.38046875 0.68125 0.1171875 0.3765625
0 0.175 0.759375 0.1 0.4109375
0 0.30703125 0.7359375 0.0921875 0.3375
0 0.51171875 0.6703125 0.1109375 0.396875
0 0.44609375 0.71796875 0.10625 0.3546875