0 0.26875 0.28046875 0.046875 0.278125
0 0.14609375 0.290625 0.0390625 0.290625
0 0.31484375 0.30859375 0.0484375 0.25625
0 0.46015625 0.334375 0.0546875 0.3421875
0 0.3234375 0.41796875 0.040625 0.2921875
0 0.490625 0.4234375 0.05625 0.253125
0 0.23125 0.434375 0.0625 0.3359375
0 0.16875 0.4375 0.059375 0.33125
0 0.3515625 0.44453125 0.0375 0.3
0 0.421875 0.446875 0.046875 0.334375
0 0.78125 0.47109375 0.06875 0.303125
0 0.58515625 0.4765625 0.0390625 0.246875
0 0.5375 0.503125 0.059375 0.328125
0 0.62890625 0.55 0.1015625 0.34375
0 0.71875 0.6 0.0875 0.378125
0 0.7796875 0.6125 0.028125 0.309375
0 0.36875 0.625 0.08125 0.35
0 0.27265625 0.6265625 0.0984375 0.38125
0 0.809375 0.63203125 0.05625 0.3640625
0 0.63828125 0.63359375 0.0765625 0.35625
0 0.84765625 0.63359375 0.0546875 0.4
0 0.71640625 0.659375 0.0546875 0.325
0 0.50859375 0.67109375 0.0671875 0.38125
0 0.578125 0.69296875 0.06875 0.3359375