0 0.7140625 0.23203125 0.065625 0.2859375
0 0.83671875 0.215625 0.059375 0.2984375
0 0.6703125 0.26953125 0.065625 0.2640625
0 0.528125 0.32734375 0.078125 0.3515625
0 0.66953125 0.38046875 0.059375 0.2984375
0 0.50390625 0.421875 0.0734375 0.2625
0 0.7625 0.37734375 0.0859375 0.346875
0 0.825 0.365625 0.08125 0.340625
0 0.64375 0.4125 0.0578125 0.30625
0 0.5734375 0.43046875 0.0703125 0.3421875
0 0.21875 0.53203125 0.0890625 0.315625
0 0.4140625 0.4953125 0.05625 0.2546875
0 0.4625 0.5109375 0.08125 0.3390625
0 0.375 0.578125 0.125 0.3640625
0 0.28984375 0.646875 0.1125 0.3953125
0 0.2296875 0.671875 0.05 0.3125
0 0.6390625 0.59609375 0.1046875 0.365625
0 0.734375 0.5765625 0.1234375 0.3984375
0 0.2015625 0.69765625 0.08125 0.3734375
0 0.371875 0.6625 0.1 0.3703125
0 0.1640625 0.7078125 0.0828125 0.409375
0 0.29609375 0.70546875 0.0765625 0.334375
0 0.503125 0.671875 0.09375 0.3921875
0 0.4359375 0.70859375 0.0921875 0.3484375