0 0.75078125 0.42421875 0.0140625 0.040625
0 0.85 0.4359375 0.01875 0.0921875
0 0.66484375 0.51015625 0.0515625 0.3578125
0 0.484375 0.50625 0.0375 0.371875
0 0.52109375 0.5171875 0.0578125 0.403125
0 0.3078125 0.5203125 0.05 0.371875
0 0.540625 0.53359375 0.075 0.478125
0 0.165625 0.53671875 0.0578125 0.403125
0 0.284375 0.54296875 0.0703125 0.36875
0 0.61875 0.5546875 0.1140625 0.54375
0 0.221875 0.54453125 0.0703125 0.390625
0 0.3578125 0.5484375 0.0765625 0.378125
0 0.44765625 0.5609375 0.09375 0.446875
0 0.10546875 0.55390625 0.06875 0.471875