0 0.2484375 0.43203125 0.0140625 0.0421875
0 0.15 0.446875 0.0203125 0.09375
0 0.3359375 0.515625 0.05625 0.359375
0 0.515625 0.50625 0.040625 0.371875
0 0.4796875 0.51796875 0.0625 0.4046875
0 0.6921875 0.51484375 0.053125 0.371875
0 0.46015625 0.534375 0.0796875 0.48125
0 0.83515625 0.5265625 0.0625 0.4046875
0 0.71640625 0.53671875 0.0734375 0.371875
0 0.3828125 0.559375 0.11875 0.546875
0 0.778125 0.53515625 0.075 0.3953125
0 0.6421875 0.54375 0.0796875 0.3796875
0 0.553125 0.559375 0.0984375 0.4484375
0 0.8953125 0.5421875 0.0734375 0.475