0 0.2515625 0.496875 0.0703125 0.5515625
0 0.2953125 0.5 0.1265625 0.646875
0 0.796875 0.5234375 0.0765625 0.38125
0 0.3296875 0.55546875 0.053125 0.40625
0 0.65859375 0.55546875 0.0671875 0.3390625
0 0.2234375 0.55703125 0.053125 0.3109375
0 0.35859375 0.5734375 0.0609375 0.309375
0 0.42421875 0.57890625 0.040625 0.246875
0 0.56875 0.57890625 0.04375 0.209375
0 0.39453125 0.58046875 0.034375 0.209375
0 0.60546875 0.58046875 0.04375 0.2078125
0 0.47109375 0.58203125 0.034375 0.2125
0 0.49453125 0.58203125 0.0421875 0.2546875
0 0.5265625 0.59140625 0.0421875 0.196875