0 0.06953125 0.465625 0.0625 0.1984375
0 0.090625 0.4359375 0.05625 0.1515625
0 0.25703125 0.44140625 0.040625 0.1453125
0 0.30234375 0.45390625 0.0640625 0.175
0 0.35390625 0.490625 0.0625 0.2734375
0 0.48046875 0.43515625 0.040625 0.1484375
0 0.49765625 0.4359375 0.0359375 0.1484375
0 0.5171875 0.440625 0.0328125 0.140625
0 0.55 0.475 0.06875 0.2296875
0 0.56796875 0.45 0.05 0.1703125
0 0.58359375 0.440625 0.03125 0.140625
0 0.60546875 0.44921875 0.0453125 0.178125
0 0.66015625 0.4578125 0.0578125 0.190625
0 0.68125 0.4625 0.046875 0.2109375
0 0.73515625 0.46875 0.05625 0.2140625
0 0.82578125 0.66875 0.1984375 0.6625
0 0.86796875 0.4421875 0.0265625 0.1578125
0 0.89140625 0.50390625 0.0640625 0.25625
0 0.7859375 0.41015625 0.034375 0.128125