0 0.54140625 0.36015625 0.0734375 0.1
0 0.38359375 0.19609375 0.09375 0.115625
0 0.90234375 0.46640625 0.021875 0.040625
0 0.01484375 0.3234375 0.0296875 0.084375
0 0.0375 0.334375 0.03125 0.0625
0 0.05625 0.340625 0.0296875 0.065625
0 0.08125 0.359375 0.034375 0.0671875
0 0.1109375 0.359375 0.03125 0.0921875
0 0.13359375 0.37578125 0.0265625 0.0921875
0 0.15703125 0.38671875 0.0296875 0.0859375
0 0.17265625 0.41015625 0.021875 0.06875
0 0.2125 0.4421875 0.0265625 0.078125
0 0.2375 0.48359375 0.021875 0.05625
0 0.27578125 0.5078125 0.021875 0.0578125
0 0.290625 0.51328125 0.0171875 0.090625
0 0.3015625 0.51484375 0.0140625 0.06875
0 0.325 0.5453125 0.0296875 0.075
0 0.4046875 0.61484375 0.0203125 0.05625
0 0.4140625 0.62890625 0.015625 0.059375
0 0.4296875 0.63515625 0.0203125 0.0640625
0 0.440625 0.646875 0.0140625 0.0734375
0 0.453125 0.646875 0.015625 0.0703125
0 0.465625 0.6625 0.015625 0.065625
0 0.48515625 0.671875 0.0203125 0.0796875