0 0.1078125 0.68984375 0.2125 0.6203125
0 0.190625 0.65859375 0.1859375 0.61875
0 0.28828125 0.4859375 0.1625 0.4953125
0 0.328125 0.45078125 0.0984375 0.28125
0 0.39921875 0.39296875 0.0921875 0.2140625
0 0.384375 0.29296875 0.0859375 0.2265625
0 0.39765625 0.17890625 0.090625 0.209375
0 0.43671875 0.259375 0.046875 0.103125
0 0.51484375 0.22890625 0.09375 0.1734375
0 0.58203125 0.1578125 0.0515625 0.1640625
0 0.61171875 0.2359375 0.0859375 0.378125
0 0.60859375 0.321875 0.0671875 0.284375
0 0.65703125 0.30234375 0.1453125 0.3203125
0 0.6671875 0.4609375 0.0984375 0.3125
0 0.78828125 0.44375 0.134375 0.39375
0 0.7703125 0.63828125 0.11875 0.4234375
0 0.87734375 0.65546875 0.2453125 0.6890625