0 0.10078125 0.67734375 0.0625 0.3578125
0 0.1546875 0.67421875 0.075 0.3421875
0 0.28125 0.64609375 0.09375 0.3859375
0 0.3625 0.67265625 0.1015625 0.34375
0 0.465625 0.41953125 0.06875 0.3796875
0 0.553125 0.43359375 0.1140625 0.3765625
0 0.71796875 0.45703125 0.078125 0.4046875
0 0.4140625 0.63828125 0.0625 0.4046875
0 0.7890625 0.67578125 0.0953125 0.365625
0 0.7015625 0.6421875 0.0625 0.45
0 0.62421875 0.68125 0.075 0.40625
0 0.5578125 0.6625 0.0859375 0.403125
0 0.4796875 0.6765625 0.0671875 0.38125
0 0.9046875 0.571875 0.03125 0.11875
0 0.9296875 0.584375 0.0375 0.10625