0 0.05859375 0.81171875 0.1171875 0.3765625
0 0.16484375 0.76015625 0.1859375 0.4796875
0 0.053125 0.503125 0.10625 0.33125
0 0.05 0.43671875 0.0984375 0.2515625
0 0.32265625 0.80625 0.2359375 0.3875
0 0.46328125 0.8046875 0.1921875 0.390625
0 0.61015625 0.84140625 0.1953125 0.3171875
0 0.690625 0.7578125 0.203125 0.484375
0 0.8625 0.778125 0.234375 0.44375
0 0.84140625 0.6609375 0.1984375 0.4140625
0 0.8890625 0.6171875 0.1203125 0.346875
0 0.7625 0.54453125 0.11875 0.4296875
0 0.69609375 0.5453125 0.0921875 0.33125
0 0.5578125 0.5234375 0.140625 0.2625
0 0.40546875 0.58984375 0.1421875 0.4765625
0 0.23828125 0.56171875 0.1796875 0.5796875
0 0.1671875 0.42890625 0.0671875 0.303125
0 0.1625 0.37421875 0.09375 0.3546875
0 0.384375 0.3765625 0.1109375 0.45
0 0.4734375 0.334375 0.121875 0.4671875
0 0.53203125 0.43203125 0.1015625 0.2390625
0 0.6015625 0.4078125 0.0984375 0.2390625
0 0.68046875 0.3234375 0.0796875 0.3875
0 0.8421875 0.35703125 0.11875 0.240625
0 0.95234375 0.49765625 0.0953125 0.5984375
0 0.98046875 0.2015625 0.0390625 0.184375
0 0.9390625 0.28203125 0.0875 0.396875
0 0.9734375 0.0984375 0.053125 0.159375
0 0.9046875 0.1875 0.0515625 0.2796875
0 0.84609375 0.08125 0.04375 0.0890625
0 0.8703125 0.15546875 0.05625 0.1796875
0 0.8328125 0.1859375 0.0578125 0.128125
0 0.7859375 0.2296875 0.0546875 0.2359375
0 0.73515625 0.24921875 0.0703125 0.20625
0 0.57734375 0.30390625 0.078125 0.26875
0 0.646875 0.29140625 0.0453125 0.3265625
0 0.61796875 0.27890625 0.0640625 0.28125
0 0.56875 0.21328125 0.0625 0.16875
0 0.60859375 0.13671875 0.03125 0.078125
0 0.49765625 0.1953125 0.0546875 0.3234375
0 0.44375 0.09296875 0.05 0.125
0 0.540625 0.1875 0.046875 0.20625
0 0.3140625 0.19453125 0.05 0.1625
0 0.32734375 0.1390625 0.0359375 0.084375
0 0.3921875 0.2171875 0.0515625 0.1796875
0 0.24140625 0.21875 0.0484375 0.175
0 0.66328125 0.16171875 0.03125 0.1203125
0 0.0453125 0.234375 0.0859375 0.2
0 0.121875 0.33125 0.0734375 0.41875
0 0.16875 0.20625 0.05 0.15
0 0.1 0.178125 0.0328125 0.084375
0 0.290625 0.38515625 0.115625 0.4890625