0 0.16875 0.33828125 0.08125 0.165625
0 0.29609375 0.25859375 0.0484375 0.146875
0 0.0515625 0.63359375 0.090625 0.1921875
0 0.1703125 0.58984375 0.0671875 0.175
0 0.8078125 0.61640625 0.1140625 0.28125
0 0.72734375 0.325 0.05625 0.1125
0 0.81640625 0.31640625 0.040625 0.06875
0 0.63984375 0.19921875 0.0421875 0.084375
0 0.66796875 0.203125 0.0453125 0.0828125
0 0.715625 0.2171875 0.0390625 0.0828125
0 0.7390625 0.23203125 0.0296875 0.0765625
0 0.7734375 0.25546875 0.0375 0.090625
0 0.7859375 0.2171875 0.0265625 0.0890625
0 0.81953125 0.215625 0.0390625 0.0796875
0 0.8265625 0.25234375 0.034375 0.071875
0 0.85 0.2328125 0.0359375 0.078125
0 0.88125 0.26015625 0.040625 0.103125
0 0.9015625 0.23359375 0.03125 0.0828125
0 0.89453125 0.31484375 0.0296875 0.05625
0 0.9171875 0.31640625 0.0234375 0.065625
0 0.9359375 0.2890625 0.0421875 0.059375
0 0.93359375 0.3203125 0.0375 0.06875
0 0.9625 0.3234375 0.0328125 0.078125
0 0.975 0.325 0.05 0.0890625
0 0.975 0.26171875 0.0234375 0.05
0 0.98984375 0.265625 0.0203125 0.05
0 0.984375 0.0734375 0.03125 0.08125
0 0.9484375 0.03984375 0.0328125 0.0609375
0 0.96484375 0.01953125 0.03125 0.0390625
0 0.921875 0.0390625 0.03125 0.078125
0 0.9 0.04609375 0.025 0.065625
0 0.8875 0.0671875 0.034375 0.0625
0 0.8625 0.0734375 0.0265625 0.06875
0 0.86875 0.04609375 0.0328125 0.0625
0 0.84296875 0.0453125 0.0234375 0.0703125
0 0.825 0.08359375 0.0359375 0.0375
0 0.81796875 0.0375 0.03125 0.0578125
0 0.79296875 0.08125 0.0296875 0.0515625
0 0.7734375 0.08359375 0.0296875 0.0515625
0 0.7453125 0.08203125 0.0296875 0.05
0 0.7203125 0.08203125 0.03125 0.040625
0 0.6984375 0.08046875 0.0328125 0.05
0 0.66875 0.07265625 0.0203125 0.065625
0 0.6921875 0.07265625 0.0359375 0.0578125
0 0.72265625 0.06171875 0.025 0.053125
0 0.74296875 0.06171875 0.0234375 0.053125
0 0.7734375 0.03984375 0.03125 0.0484375
0 0.79375 0.03359375 0.025 0.05
0 0.8140625 0.02265625 0.0265625 0.0453125
0 0.790625 0.0171875 0.028125 0.034375
0 0.7671875 0.0203125 0.03125 0.0390625
0 0.74375 0.01640625 0.028125 0.0328125
0 0.71796875 0.0265625 0.0265625 0.053125
0 0.69375 0.0265625 0.028125 0.053125
0 0.6671875 0.040625 0.034375 0.08125
0 0.84453125 0.0171875 0.0390625 0.034375
0 0.546875 0.04765625 0.0328125 0.078125
0 0.521875 0.078125 0.0359375 0.0484375
0 0.49453125 0.0796875 0.0234375 0.0421875
0 0.50625 0.05 0.028125 0.0703125
0 0.4734375 0.06328125 0.034375 0.0625
0 0.475 0.0765625 0.0296875 0.0359375
0 0.440625 0.08046875 0.0328125 0.04375
0 0.43125 0.03515625 0.03125 0.0703125
0 0.39453125 0.0484375 0.0359375 0.0875
0 0.3796875 0.059375 0.03125 0.06875
0 0.35234375 0.05859375 0.0296875 0.0625
0 0.3265625 0.06015625 0.0296875 0.0671875
0 0.37578125 0.0296875 0.0390625 0.0484375
0 0.28203125 0.05390625 0.03125 0.0671875
0 0.29765625 0.0390625 0.03125 0.075
0 0.3078125 0.01875 0.03125 0.0375
0 0.25859375 0.059375 0.0359375 0.0578125
0 0.21875 0.0421875 0.0359375 0.084375
0 0.24140625 0.03203125 0.03125 0.0640625
0 0.2671875 0.03359375 0.03125 0.0625
0 0.1453125 0.05390625 0.0328125 0.0640625
0 0.1234375 0.0703125 0.034375 0.059375
0 0.0234375 0.06640625 0.03125 0.0453125
0 0.05 0.0625 0.028125 0.040625
0 0.078125 0.046875 0.04375 0.0734375
0 0.09375 0.0640625 0.021875 0.040625