0 0.21796875 0.6734375 0.353125 0.3953125
0 0.54765625 0.56796875 0.2765625 0.5171875
0 0.9125 0.3328125 0.125 0.275
0 0.11328125 0.359375 0.159375 0.10625
0 0.065625 0.3 0.04375 0.065625
0 0.11015625 0.309375 0.0765625 0.10625
0 0.17421875 0.3234375 0.0875 0.115625
0 0.20390625 0.31484375 0.0546875 0.084375
0 0.2203125 0.29296875 0.0546875 0.059375
0 0.2484375 0.35234375 0.1109375 0.10625
0 0.29375 0.33125 0.103125 0.0890625
0 0.3453125 0.33515625 0.04375 0.059375
0 0.3421875 0.325 0.1 0.1015625
0 0.340625 0.35703125 0.109375 0.0546875
0 0.38984375 0.30390625 0.0984375 0.1078125
0 0.57890625 0.2578125 0.0515625 0.0609375
0 0.6125 0.25390625 0.046875 0.0875
0 0.6625 0.27109375 0.0640625 0.1375
0 0.71015625 0.31015625 0.090625 0.0859375
0 0.625 0.3078125 0.0578125 0.1046875