0 0.37578125 0.51640625 0.015625 0.0625
0 0.38984375 0.51015625 0.0203125 0.046875
0 0.4640625 0.540625 0.025 0.08125
0 0.5 0.53984375 0.025 0.08125
0 0.51171875 0.53125 0.0265625 0.0484375
0 0.5296875 0.534375 0.0203125 0.078125
0 0.5421875 0.53515625 0.01875 0.065625
0 0.55703125 0.5359375 0.0265625 0.08125
0 0.79921875 0.5046875 0.03125 0.084375
0 0.87890625 0.51796875 0.0234375 0.0640625
0 0.903125 0.51484375 0.034375 0.0671875
0 0.66640625 0.61640625 0.0859375 0.1796875
0 0.75078125 0.63515625 0.046875 0.1390625
0 0.7765625 0.6171875 0.0421875 0.140625
0 0.79453125 0.6015625 0.04375 0.165625