0 0.34375 0.55625 0.3890625 0.5984375
0 0.525 0.52265625 0.175 0.6484375
0 0.0703125 0.2390625 0.140625 0.3171875
0 0.1375 0.10703125 0.1234375 0.1015625
0 0.19140625 0.33125 0.2921875 0.4234375
0 0.271875 0.17734375 0.16875 0.2015625
0 0.3375 0.115625 0.0984375 0.10625
0 0.41171875 0.18515625 0.134375 0.178125
0 0.59375 0.146875 0.1796875 0.29375
0 0.8109375 0.12421875 0.1703125 0.18125
0 0.825 0.271875 0.2453125 0.4109375
0 0.8890625 0.5015625 0.221875 0.690625
0 0.94296875 0.140625 0.1140625 0.190625
0 0.94765625 0.0453125 0.1046875 0.090625
0 0.65859375 0.0390625 0.1171875 0.078125
0 0.19140625 0.065625 0.103125 0.13125
0 0.25625 0.0421875 0.09375 0.084375
0 0.5375 0.04921875 0.0875 0.0984375
0 0.78515625 0.0375 0.071875 0.075