0 0.87890625 0.140625 0.040625 0.096875
0 0.81796875 0.134375 0.040625 0.071875
0 0.534375 0.15078125 0.03125 0.065625
0 0.50390625 0.146875 0.034375 0.0765625
0 0.52265625 0.1375 0.028125 0.071875
0 0.45234375 0.125 0.0296875 0.0609375
0 0.38671875 0.15390625 0.0515625 0.053125
0 0.29765625 0.1390625 0.0375 0.075
0 0.27578125 0.12890625 0.03125 0.078125
0 0.25390625 0.12265625 0.028125 0.0765625
0 0.23359375 0.153125 0.021875 0.046875
0 0.221875 0.15546875 0.028125 0.0359375
0 0.18671875 0.134375 0.025 0.05
0 0.11953125 0.128125 0.0203125 0.059375
0 0.0984375 0.12578125 0.0265625 0.071875
0 0.015625 0.115625 0.03125 0.0625
0 0.04609375 0.1390625 0.0359375 0.071875
0 0.06875 0.1453125 0.025 0.065625
0 0.28671875 0.3890625 0.1140625 0.275
0 0.46640625 0.4875 0.090625 0.2
0 0.52265625 0.45859375 0.0984375 0.1859375
0 0.57109375 0.490625 0.10625 0.184375
0 0.63671875 0.4828125 0.0984375 0.1625
0 0.6890625 0.49609375 0.09375 0.2109375
0 0.7375 0.471875 0.0875 0.171875
0 0.80390625 0.5078125 0.121875 0.2015625
0 0.8515625 0.48125 0.1078125 0.184375
0 0.90703125 0.509375 0.10625 0.2171875
0 0.9546875 0.50625 0.090625 0.1921875