0 0.35234375 0.52890625 0.1453125 0.34375
0 0.53984375 0.53984375 0.109375 0.203125
0 0.546875 0.478125 0.15625 0.271875
0 0.2296875 0.2109375 0.0765625 0.1265625
0 0.16875 0.2140625 0.05 0.1265625
0 0.646875 0.06796875 0.078125 0.134375
0 0.7203125 0.0484375 0.04375 0.0859375
0 0.76171875 0.04375 0.025 0.0546875
0 0.80546875 0.03203125 0.0203125 0.053125
0 0.81796875 0.121875 0.0359375 0.0765625
0 0.7765625 0.13125 0.0546875 0.075
0 0.72734375 0.1421875 0.0453125 0.05
0 0.8703125 0.12265625 0.05625 0.075
0 0.915625 0.11953125 0.0328125 0.0828125
0 0.975 0.10625 0.05 0.0921875
0 0.93984375 0.09609375 0.0328125 0.0953125
0 0.978125 0.06171875 0.028125 0.0671875
0 0.95234375 0.0265625 0.028125 0.053125
0 0.90703125 0.040625 0.040625 0.0765625
0 0.821875 0.0765625 0.0328125 0.059375
0 0.63359375 0.15390625 0.0390625 0.059375
0 0.63046875 0.125 0.05 0.071875
0 0.615625 0.0921875 0.04375 0.0703125
0 0.56171875 0.0984375 0.034375 0.05625
0 0.521875 0.171875 0.0421875 0.0578125
0 0.571875 0.1640625 0.034375 0.046875
0 0.4390625 0.1921875 0.05625 0.0609375
0 0.38203125 0.18515625 0.0515625 0.0875
0 0.32890625 0.19140625 0.046875 0.103125
0 0.29140625 0.0875 0.046875 0.0640625
0 0.30625 0.15078125 0.0515625 0.0640625
0 0.34453125 0.07734375 0.04375 0.0796875
0 0.3984375 0.075 0.0484375 0.06875
0 0.4421875 0.08515625 0.0359375 0.046875