0 0.06796875 0.2265625 0.1015625 0.3359375
0 0.1484375 0.18984375 0.1640625 0.19375
0 0.1984375 0.47578125 0.290625 0.6078125
0 0.25390625 0.43671875 0.11875 0.5578125
0 0.20859375 0.721875 0.1875 0.5546875
0 0.34140625 0.4203125 0.15625 0.71875
0 0.38828125 0.2796875 0.153125 0.3234375
0 0.51328125 0.190625 0.1078125 0.2
0 0.42734375 0.57734375 0.3359375 0.8046875
0 0.4515625 0.76484375 0.20625 0.4703125
0 0.54296875 0.15703125 0.0625 0.121875
0 0.575 0.215625 0.11875 0.2203125
0 0.6875 0.5953125 0.240625 0.809375
0 0.73359375 0.20703125 0.153125 0.3140625
0 0.734375 0.21328125 0.11875 0.2734375
0 0.85703125 0.21640625 0.0765625 0.23125
0 0.89375 0.3390625 0.146875 0.496875
0 0.93984375 0.63828125 0.1171875 0.7234375