0 0.01484375 0.4890625 0.0296875 0.078125
0 0.05703125 0.4875 0.1140625 0.06875
0 0.0734375 0.30859375 0.103125 0.0796875
0 0.1546875 0.3859375 0.06875 0.071875
0 0.20234375 0.39375 0.065625 0.0625
0 0.415625 0.38984375 0.09375 0.0828125
0 0.4875 0.39609375 0.0796875 0.0625
0 0.259375 0.39609375 0.0796875 0.053125
0 0.325 0.39921875 0.06875 0.0390625
0 0.071875 0.38046875 0.071875 0.0546875
0 0.01953125 0.3765625 0.0390625 0.084375
0 0.91328125 0.63125 0.11875 0.1140625
0 0.26015625 0.63046875 0.1546875 0.1734375
0 0.3765625 0.63125 0.1171875 0.153125
0 0.57578125 0.5953125 0.3171875 0.5640625