0 0.35078125 0.559375 0.09375 0.2671875
0 0.521875 0.54765625 0.0671875 0.328125
0 0.025 0.5234375 0.0390625 0.1609375
0 0.03203125 0.54921875 0.0484375 0.109375
0 0.071875 0.5375 0.0453125 0.16875
0 0.1390625 0.53125 0.046875 0.1765625
0 0.11796875 0.52890625 0.028125 0.15
0 0.15859375 0.51953125 0.0390625 0.1765625
0 0.19296875 0.509375 0.0265625 0.1640625
0 0.2078125 0.50859375 0.05 0.159375
0 0.42890625 0.47578125 0.0359375 0.065625
0 0.2578125 0.4703125 0.025 0.0828125
0 0.23828125 0.471875 0.0234375 0.0796875
0 0.840625 0.41953125 0.0328125 0.0953125
0 0.871875 0.41875 0.040625 0.1140625