0 0.0890625 0.42734375 0.103125 0.353125
0 0.22734375 0.59921875 0.2625 0.6765625
0 0.29609375 0.53515625 0.1515625 0.5109375
0 0.2875 0.36640625 0.109375 0.2328125
0 0.334375 0.35234375 0.0671875 0.1859375
0 0.3734375 0.3078125 0.0828125 0.159375
0 0.47890625 0.28203125 0.1015625 0.1546875
0 0.553125 0.32421875 0.0359375 0.06875
0 0.56875 0.32265625 0.14375 0.215625
0 0.5875 0.49609375 0.175 0.4609375
0 0.65078125 0.559375 0.215625 0.5703125
0 0.93515625 0.4671875 0.1296875 0.415625
0 0.8515625 0.42421875 0.11875 0.3859375
0 0.74140625 0.24609375 0.0640625 0.246875
0 0.68359375 0.24609375 0.0953125 0.178125
0 0.6109375 0.21328125 0.0796875 0.19375
0 0.54609375 0.17578125 0.059375 0.0890625
0 0.378125 0.16640625 0.071875 0.0703125
0 0.215625 0.24296875 0.1015625 0.184375
0 0.02265625 0.490625 0.0453125 0.3734375