0 0.0296875 0.25078125 0.059375 0.4984375
0 0.13046875 0.14921875 0.0953125 0.21875
0 0.23046875 0.13828125 0.1828125 0.209375
0 0.35 0.1328125 0.090625 0.2046875
0 0.37578125 0.11484375 0.0375 0.0515625
0 0.43125 0.134375 0.09375 0.215625
0 0.51484375 0.13515625 0.1328125 0.2015625
0 0.58984375 0.16484375 0.0453125 0.1515625
0 0.6203125 0.15390625 0.0515625 0.15625
0 0.640625 0.17421875 0.065625 0.1296875
0 0.66171875 0.13125 0.028125 0.0671875
0 0.67578125 0.1546875 0.0640625 0.096875
0 0.7328125 0.203125 0.0875 0.31875
0 0.79140625 0.184375 0.0703125 0.1703125
0 0.83984375 0.190625 0.05 0.0984375
0 0.87890625 0.20234375 0.03125 0.0984375
0 0.85625 0.1640625 0.0296875 0.059375
0 0.909375 0.15546875 0.053125 0.078125
0 0.94140625 0.2140625 0.096875 0.2171875
0 0.56953125 0.12421875 0.028125 0.084375