0 0.1921875 0.5890625 0.071875 0.18125
0 0.0546875 0.8015625 0.090625 0.1890625
0 0.46171875 0.8046875 0.078125 0.15625
0 0.553125 0.784375 0.0875 0.14375
0 0.56328125 0.88359375 0.1109375 0.1828125
0 0.675 0.83671875 0.090625 0.18125
0 0.759375 0.790625 0.071875 0.1703125
0 0.8234375 0.7546875 0.0640625 0.153125
0 0.70546875 0.72421875 0.0859375 0.1375
0 0.62265625 0.74296875 0.065625 0.1390625
0 0.83828125 0.64453125 0.028125 0.065625
0 0.8546875 0.6984375 0.0390625 0.1015625
0 0.9265625 0.71484375 0.071875 0.1375
0 0.86875 0.6125 0.025 0.065625
0 0.88984375 0.6484375 0.0328125 0.09375
0 0.93828125 0.621875 0.04375 0.121875
0 0.378125 0.7625 0.071875 0.3015625
0 0.4140625 0.64765625 0.0671875 0.171875
0 0.35234375 0.690625 0.0421875 0.175
0 0.303125 0.74375 0.0578125 0.2921875
0 0.48828125 0.60546875 0.0359375 0.09375
0 0.51953125 0.61640625 0.040625 0.0921875
0 0.26484375 0.57265625 0.03125 0.0515625
0 0.24765625 0.596875 0.028125 0.0671875
0 0.3140625 0.5734375 0.0296875 0.0546875
0 0.3390625 0.57421875 0.025 0.0640625
0 0.03515625 0.60546875 0.03125 0.0734375