0 0.91796875 0.67578125 0.0453125 0.0890625
0 0.7921875 0.7046875 0.040625 0.1046875
0 0.69921875 0.6765625 0.034375 0.0734375
0 0.58046875 0.67890625 0.0359375 0.090625
0 0.4828125 0.6859375 0.0359375 0.1
0 0.4890625 0.721875 0.040625 0.090625
0 0.4484375 0.68125 0.028125 0.1171875
0 0.43828125 0.67265625 0.025 0.0734375
0 0.2625 0.72734375 0.0390625 0.1046875
0 0.2421875 0.72265625 0.040625 0.1
0 0.1578125 0.70546875 0.0359375 0.1078125
0 0.2375 0.65546875 0.0328125 0.075
0 0.31875 0.665625 0.021875 0.0828125
0 0.33203125 0.67265625 0.0234375 0.0703125
0 0.38515625 0.6796875 0.034375 0.11875
0 0.35859375 0.67421875 0.0140625 0.075
0 0.34453125 0.6578125 0.0375 0.1015625