0 0.16640625 0.46796875 0.015625 0.021875
0 0.1765625 0.49140625 0.0109375 0.0484375
0 0.1828125 0.49140625 0.0171875 0.0421875
0 0.19296875 0.50078125 0.015625 0.0359375
0 0.20234375 0.5078125 0.0140625 0.040625
0 0.234375 0.50703125 0.0203125 0.0515625
0 0.25234375 0.52578125 0.025 0.040625
0 0.33203125 0.57421875 0.0328125 0.0640625
0 0.4359375 0.68046875 0.0265625 0.0984375
0 0.5421875 0.75859375 0.075 0.1546875
0 0.5421875 0.69375 0.0390625 0.0671875
0 0.59296875 0.76640625 0.04375 0.175
0 0.5953125 0.80234375 0.0328125 0.109375
0 0.61875 0.80625 0.0359375 0.1671875
0 0.60859375 0.725 0.0359375 0.0953125
0 0.64609375 0.77421875 0.05 0.203125
0 0.69375 0.8046875 0.0640625 0.2375
0 0.74375 0.77890625 0.0390625 0.121875
0 0.7703125 0.85 0.05625 0.2359375
0 0.83125 0.86953125 0.075 0.2609375
0 0.86796875 0.8078125 0.0453125 0.1328125
0 0.69765625 0.69453125 0.034375 0.0546875
0 0.10234375 0.4765625 0.0203125 0.0453125