0 0.0609375 0.5828125 0.121875 0.215625
0 0.16953125 0.54921875 0.096875 0.21875
0 0.271875 0.6890625 0.278125 0.621875
0 0.28125 0.4109375 0.13125 0.146875
0 0.30390625 0.51796875 0.0859375 0.153125
0 0.31953125 0.44296875 0.0859375 0.196875
0 0.4171875 0.70703125 0.240625 0.5859375
0 0.41328125 0.41328125 0.0703125 0.140625
0 0.44453125 0.63046875 0.1171875 0.528125
0 0.53515625 0.66171875 0.10625 0.634375
0 0.59921875 0.584375 0.0734375 0.4296875
0 0.6421875 0.634375 0.1140625 0.509375
0 0.68984375 0.61640625 0.075 0.434375