0 0.6109375 0.37890625 0.11875 0.3515625
0 0.82734375 0.4234375 0.109375 0.303125
0 0.3390625 0.63125 0.153125 0.3328125
0 0.7109375 0.38671875 0.1078125 0.31875
0 0.8296875 0.6734375 0.140625 0.3375
0 0.7359375 0.646875 0.13125 0.303125
0 0.50859375 0.371875 0.0984375 0.2875
0 0.39140625 0.4 0.13125 0.4265625
0 0.21484375 0.615625 0.2 0.30625
0 0.20625 0.4171875 0.0984375 0.35
0 0.44375 0.61171875 0.1171875 0.321875
0 0.2875 0.390625 0.09375 0.2734375
0 0.634375 0.6265625 0.11875 0.2828125
0 0.53984375 0.61171875 0.1234375 0.3140625