0 0.1078125 0.63671875 0.140625 0.4890625
0 0.51875 0.6765625 0.1328125 0.4640625
0 0.64921875 0.6703125 0.125 0.43125
0 0.38828125 0.65546875 0.1234375 0.484375
0 0.76953125 0.675 0.125 0.4453125
0 0.24375 0.653125 0.1234375 0.4328125
0 0.06484375 0.528125 0.1296875 0.546875
0 0.8890625 0.4390625 0.1296875 0.3046875
0 0.2984375 0.54609375 0.10625 0.5109375
0 0.8796875 0.6984375 0.128125 0.39375
0 0.7609375 0.4546875 0.1203125 0.2703125
0 0.553125 0.56953125 0.0921875 0.484375
0 0.18125 0.5375 0.1015625 0.5
0 0.42890625 0.54921875 0.103125 0.5
0 0.6546875 0.434375 0.109375 0.2421875