0 0.76875 0.6296875 0.1578125 0.4484375
0 0.55703125 0.6296875 0.121875 0.4515625
0 0.37109375 0.6296875 0.1171875 0.4484375
0 0.6515625 0.63046875 0.121875 0.45
0 0.4609375 0.64453125 0.1046875 0.421875
0 0.5671875 0.39453125 0.0984375 0.2515625
0 0.4734375 0.3953125 0.1046875 0.284375
0 0.1796875 0.634375 0.1109375 0.4390625
0 0.2703125 0.63359375 0.1046875 0.440625
0 0.3890625 0.38984375 0.10625 0.2765625
0 0.6546875 0.38828125 0.0890625 0.234375
0 0.30078125 0.415625 0.0890625 0.29375
0 0.7578125 0.425 0.1546875 0.275
0 0.209375 0.39375 0.109375 0.3