0 0.75703125 0.41328125 0.0546875 0.1203125
0 0.2609375 0.415625 0.046875 0.1171875
0 0.17421875 0.4203125 0.065625 0.1515625
0 0.89140625 0.4296875 0.06875 0.1171875
0 0.82578125 0.46640625 0.103125 0.1859375
0 0.95625 0.484375 0.0828125 0.24375
0 0.6421875 0.60234375 0.0984375 0.503125
0 0.3109375 0.63046875 0.0984375 0.50625
0 0.1328125 0.6359375 0.0984375 0.5375
0 0.23046875 0.64765625 0.121875 0.5375
0 0.55390625 0.65 0.1234375 0.5609375
0 0.73046875 0.65 0.0984375 0.5078125
0 0.409375 0.66953125 0.1296875 0.584375
0 0.08203125 0.6703125 0.1640625 0.646875
0 0.6640625 0.67421875 0.1015625 0.5
0 0.82734375 0.684375 0.121875 0.496875
0 0.9296875 0.69375 0.1359375 0.54375