0 0.8625 0.6109375 0.1 0.475
0 0.76796875 0.60390625 0.115625 0.48125
0 0.28515625 0.58984375 0.1265625 0.403125
0 0.415625 0.6234375 0.084375 0.371875
0 0.16875 0.56328125 0.09375 0.41875
0 0.68203125 0.61171875 0.0890625 0.4625
0 0.4546875 0.56796875 0.0796875 0.4203125
0 0.2171875 0.58046875 0.0796875 0.3921875
0 0.55078125 0.60546875 0.0890625 0.4296875
0 0.6171875 0.60625 0.0703125 0.446875
0 0.37578125 0.59296875 0.0546875 0.3984375
0 0.71015625 0.41171875 0.0453125 0.103125
0 0.3328125 0.57734375 0.05 0.3703125
0 0.34453125 0.41875 0.0421875 0.090625
0 0.49609375 0.4234375 0.0390625 0.103125
0 0.64453125 0.41484375 0.0390625 0.109375
0 0.51640625 0.590625 0.0609375 0.4125
0 0.51953125 0.49609375 0.05625 0.215625