0 0.62109375 0.42890625 0.0875 0.109375
0 0.7125 0.4421875 0.0984375 0.1265625
0 0.0625 0.540625 0.109375 0.63125
0 0.7828125 0.4171875 0.0890625 0.1421875
0 0.3875 0.43125 0.0921875 0.1140625
0 0.54609375 0.4375 0.0859375 0.0984375
0 0.30078125 0.4265625 0.0890625 0.1140625
0 0.79375 0.35546875 0.1046875 0.1765625
0 0.94765625 0.53125 0.1015625 0.365625
0 0.46484375 0.43984375 0.0859375 0.1125
0 0.659375 0.3953125 0.0578125 0.1453125
0 0.284375 0.29921875 0.090625 0.2953125
0 0.86953125 0.428125 0.0984375 0.1125
0 0.70546875 0.35546875 0.0828125 0.1265625
0 0.35 0.4 0.0515625 0.121875
0 0.12109375 0.60234375 0.1109375 0.58125
0 0.41875 0.321875 0.0578125 0.2671875
0 0.525 0.3328125 0.0546875 0.284375
0 0.215625 0.440625 0.0953125 0.090625
0 0.571875 0.37890625 0.059375 0.1453125
0 0.56875 0.31640625 0.0625 0.2703125