0 0.3359375 0.421875 0.1296875 0.440625
0 0.6453125 0.43203125 0.1453125 0.45625
0 0.4234375 0.43359375 0.140625 0.465625
0 0.8765625 0.359375 0.1125 0.38125
0 0.26328125 0.40625 0.1171875 0.4203125
0 0.7265625 0.41015625 0.1140625 0.434375
0 0.096875 0.36875 0.1203125 0.359375
0 0.5328125 0.4640625 0.1046875 0.4765625
0 0.1640625 0.37890625 0.1171875 0.3828125
0 0.20859375 0.38359375 0.115625 0.4046875
0 0.7859375 0.38828125 0.09375 0.40625
0 0.91484375 0.346875 0.0765625 0.3515625
0 0.83046875 0.36796875 0.084375 0.375
0 0.534375 0.2265625 0.1421875 0.171875