0 0.6734375 0.43515625 0.0796875 0.3578125
0 0.065625 0.41328125 0.115625 0.4203125
0 0.6015625 0.453125 0.0765625 0.3234375
0 0.4578125 0.43515625 0.084375 0.35625
0 0.89921875 0.42265625 0.121875 0.3859375
0 0.52890625 0.44296875 0.090625 0.35625
0 0.80546875 0.41875 0.11875 0.3703125
0 0.7375 0.39765625 0.06875 0.2875
0 0.60859375 0.2875 0.0859375 0.1421875
0 0.3125 0.440625 0.0984375 0.3484375
0 0.38984375 0.42109375 0.1140625 0.36875
0 0.23984375 0.39609375 0.109375 0.2359375
0 0.15703125 0.35234375 0.1234375 0.165625