0 0.59453125 0.76328125 0.4828125 0.4453125
0 0.7625 0.54375 0.215625 0.5515625
0 0.38046875 0.56484375 0.1484375 0.503125
0 0.175 0.48515625 0.140625 0.6015625
0 0.4921875 0.51796875 0.1234375 0.4
0 0.61484375 0.46796875 0.1484375 0.35625
0 0.48671875 0.2390625 0.109375 0.1859375
0 0.68203125 0.26875 0.115625 0.1984375
0 0.28046875 0.4703125 0.153125 0.5953125
0 0.36796875 0.2640625 0.1015625 0.209375
0 0.5796875 0.28515625 0.1203125 0.2390625
0 0.4359375 0.321875 0.0875 0.15
0 0.82421875 0.45546875 0.184375 0.6015625
0 0.8234375 0.3125 0.184375 0.3125