0 0.13046875 0.55234375 0.1609375 0.8171875
0 0.74375 0.55625 0.175 0.8328125
0 0.2765625 0.571875 0.1421875 0.7921875
0 0.4296875 0.57578125 0.1640625 0.7796875
0 0.5796875 0.565625 0.1703125 0.8140625
0 0.86171875 0.5453125 0.13125 0.7703125
0 0.6609375 0.40390625 0.1140625 0.5765625
0 0.2078125 0.22890625 0.06875 0.175
0 0.34453125 0.4390625 0.109375 0.6265625
0 0.5078125 0.21015625 0.10625 0.2703125
0 0.34453125 0.23671875 0.1125 0.228125
0 0.20625 0.44375 0.0703125 0.603125
0 0.50859375 0.375 0.1046875 0.6