0 0.15546875 0.63828125 0.209375 0.396875
0 0.09609375 0.4875 0.1609375 0.4375
0 0.5703125 0.6640625 0.1734375 0.40625
0 0.371875 0.6609375 0.1796875 0.421875
0 0.871875 0.55390625 0.1390625 0.4890625
0 0.7578125 0.6421875 0.1796875 0.39375
0 0.3390625 0.434375 0.1453125 0.4828125
0 0.22890625 0.53671875 0.115625 0.5328125
0 0.471875 0.54765625 0.128125 0.509375
0 0.65546875 0.48203125 0.159375 0.4625
0 0.76796875 0.39765625 0.115625 0.303125
0 0.54140625 0.41171875 0.090625 0.3171875
0 0.91015625 0.3921875 0.1 0.3515625