0 0.91875 0.628125 0.1078125 0.678125
0 0.78203125 0.74453125 0.1046875 0.484375
0 0.86015625 0.58125 0.0828125 0.678125
0 0.34375 0.71875 0.09375 0.39375
0 0.62265625 0.72578125 0.103125 0.4421875
0 0.10625 0.734375 0.103125 0.4421875
0 0.16015625 0.44453125 0.0703125 0.334375
0 0.0828125 0.58671875 0.1046875 0.609375
0 0.253125 0.2265625 0.13125 0.29375
0 0.18984375 0.71640625 0.0859375 0.3921875
0 0.09921875 0.228125 0.078125 0.35
0 0.3375 0.4796875 0.078125 0.303125
0 0.69765625 0.7453125 0.06875 0.4203125
0 0.8015625 0.46640625 0.0640625 0.378125
0 0.221875 0.45859375 0.078125 0.31875
0 0.26484375 0.7203125 0.078125 0.3921875
0 0.28359375 0.45546875 0.071875 0.315625
0 0.75234375 0.48125 0.0828125 0.3140625
0 0.4578125 0.5234375 0.078125 0.4828125
0 0.74921875 0.26875 0.0734375 0.334375
0 0.62890625 0.25703125 0.0640625 0.3625
0 0.6125 0.46875 0.075 0.3203125
0 0.39375 0.51640625 0.06875 0.4921875
0 0.528125 0.53984375 0.071875 0.4453125
0 0.5390625 0.72109375 0.0703125 0.4109375
0 0.6796875 0.4796875 0.071875 0.3296875
0 0.43359375 0.72578125 0.1078125 0.384375
0 0.32265625 0.31328125 0.0515625 0.16875
0 0.5703125 0.45234375 0.0609375 0.3453125
0 0.42890625 0.30859375 0.0421875 0.178125
0 0.4890625 0.34453125 0.04375 0.1734375