0 0.93828125 0.5984375 0.11875 0.5765625
0 0.06171875 0.63125 0.1109375 0.521875
0 0.2296875 0.6078125 0.0984375 0.509375
0 0.853125 0.59765625 0.1046875 0.5390625
0 0.64453125 0.61328125 0.084375 0.453125
0 0.14609375 0.6265625 0.09375 0.496875
0 0.778125 0.6171875 0.0921875 0.4875
0 0.7046875 0.603125 0.090625 0.478125
0 0.51875 0.60390625 0.084375 0.50625
0 0.57890625 0.60546875 0.0765625 0.4765625
0 0.3015625 0.60859375 0.0703125 0.49375
0 0.375 0.41875 0.084375 0.153125
0 0.446875 0.4234375 0.0796875 0.1484375