0 0.69609375 0.31953125 0.090625 0.2796875
0 0.15546875 0.35859375 0.065625 0.1421875
0 0.5578125 0.4953125 0.078125 0.540625
0 0.37265625 0.51171875 0.084375 0.6
0 0.4421875 0.525 0.1171875 0.5203125
0 0.6078125 0.53046875 0.0875 0.5140625
0 0.50546875 0.53125 0.071875 0.4765625
0 0.83984375 0.54296875 0.234375 0.7375
0 0.78046875 0.55 0.1203125 0.75
0 0.69921875 0.57890625 0.10625 0.553125
0 0.08046875 0.58515625 0.1609375 0.8015625
0 0.20078125 0.5890625 0.1453125 0.79375
0 0.90546875 0.59921875 0.171875 0.7703125
0 0.30625 0.634375 0.103125 0.7109375