0 0.1875 0.7125 0.1609375 0.565625
0 0.4609375 0.38515625 0.0796875 0.40625
0 0.92578125 0.69765625 0.140625 0.5875
0 0.6984375 0.61953125 0.1515625 0.6203125
0 0.296875 0.60078125 0.1578125 0.546875
0 0.53984375 0.70234375 0.09375 0.3515625
0 0.3390625 0.1859375 0.0640625 0.1640625
0 0.58984375 0.621875 0.1125 0.4953125
0 0.81640625 0.59140625 0.1390625 0.7015625
0 0.5390625 0.31640625 0.0609375 0.3109375
0 0.61171875 0.353125 0.1265625 0.2421875
0 0.353125 0.50625 0.1625 0.565625
0 0.59609375 0.1703125 0.071875 0.1375
0 0.48671875 0.3328125 0.059375 0.3984375
0 0.5671875 0.32265625 0.078125 0.29375
0 0.41875 0.32421875 0.046875 0.4046875
0 0.7109375 0.32734375 0.0890625 0.1375
0 0.37890625 0.36953125 0.075 0.3328125
0 0.39140625 0.22109375 0.0421875 0.1515625
0 0.39921875 0.33671875 0.0546875 0.384375