0 0.3390625 0.58359375 0.134375 0.3703125
0 0.08984375 0.6578125 0.1421875 0.3421875
0 0.946875 0.5359375 0.084375 0.4328125
0 0.70234375 0.5953125 0.090625 0.3375
0 0.62265625 0.59296875 0.0953125 0.3578125
0 0.24296875 0.6171875 0.1015625 0.3390625
0 0.05234375 0.4359375 0.1046875 0.3515625
0 0.1828125 0.640625 0.13125 0.3125
0 0.54140625 0.5796875 0.1046875 0.340625
0 0.88125 0.640625 0.1359375 0.3984375
0 0.7890625 0.60546875 0.103125 0.3515625
0 0.47109375 0.58203125 0.0953125 0.334375
0 0.13203125 0.421875 0.0890625 0.2609375
0 0.57578125 0.396875 0.0671875 0.190625
0 0.42734375 0.3921875 0.0640625 0.18125
0 0.396875 0.56640625 0.0796875 0.3078125
0 0.75703125 0.396875 0.0734375 0.2296875
0 0.690625 0.390625 0.090625 0.215625
0 0.19921875 0.403125 0.06875 0.2328125
0 0.8171875 0.4015625 0.0828125 0.2109375
0 0.6296875 0.39765625 0.059375 0.165625
0 0.47578125 0.365625 0.0640625 0.178125
0 0.521875 0.38203125 0.0609375 0.2
0 0.371875 0.37734375 0.0609375 0.178125
0 0.878125 0.39765625 0.0765625 0.1546875
0 0.31484375 0.375 0.0671875 0.19375
0 0.2578125 0.38984375 0.0703125 0.190625