0 0.45703125 0.4140625 0.046875 0.1421875
0 0.5765625 0.42421875 0.0625 0.14375
0 0.3984375 0.45703125 0.0453125 0.184375
0 0.725 0.5046875 0.0734375 0.2921875
0 0.315625 0.50625 0.0640625 0.2453125
0 0.12421875 0.5078125 0.0625 0.3296875
0 0.43984375 0.54140625 0.0796875 0.2921875
0 0.92578125 0.5421875 0.140625 0.38125
0 0.503125 0.5453125 0.0671875 0.3265625
0 0.365625 0.55234375 0.0671875 0.3203125
0 0.25546875 0.55859375 0.0703125 0.365625
0 0.62421875 0.56484375 0.0703125 0.403125
0 0.19921875 0.5703125 0.1 0.425
0 0.67421875 0.575 0.109375 0.371875
0 0.5625 0.5765625 0.0921875 0.3265625
0 0.80546875 0.5859375 0.1078125 0.4703125
0 0.0734375 0.6078125 0.146875 0.5421875