0 0.43359375 0.65078125 0.0515625 0.203125
0 0.6859375 0.66640625 0.0671875 0.234375
0 0.5375 0.64296875 0.0578125 0.20625
0 0.5859375 0.6484375 0.0515625 0.2078125
0 0.73125 0.659375 0.0578125 0.2234375
0 0.7734375 0.640625 0.0453125 0.2515625
0 0.3828125 0.65625 0.05 0.2203125
0 0.9140625 0.60625 0.05 0.2265625
0 0.8640625 0.63984375 0.0484375 0.2546875
0 0.48515625 0.64765625 0.0546875 0.203125
0 0.3359375 0.65078125 0.0515625 0.228125
0 0.63203125 0.65546875 0.0546875 0.215625
0 0.2328125 0.6578125 0.0640625 0.2296875
0 0.12734375 0.6140625 0.0453125 0.246875
0 0.8046875 0.634375 0.034375 0.2515625
0 0.2859375 0.64375 0.0453125 0.203125
0 0.16484375 0.6171875 0.04375 0.234375
0 0.1578125 0.465625 0.04375 0.121875
0 0.46015625 0.5421875 0.0390625 0.128125
0 0.52734375 0.528125 0.0578125 0.1328125
0 0.42265625 0.534375 0.04375 0.146875
0 0.05703125 0.57734375 0.0609375 0.1953125
0 0.203125 0.62734375 0.0515625 0.246875
0 0.3828125 0.5296875 0.0421875 0.115625
0 0.83046875 0.625 0.034375 0.246875
0 0.70078125 0.53828125 0.04375 0.1234375
0 0.59375 0.54375 0.0375 0.115625