0 0.36875 0.21015625 0.09375 0.228125
0 0.496875 0.21640625 0.1515625 0.2171875
0 0.60546875 0.246875 0.13125 0.2171875
0 0.746875 0.26171875 0.1296875 0.25
0 0.321875 0.33828125 0.1078125 0.3078125
0 0.16328125 0.44453125 0.15 0.78125
0 0.478125 0.49453125 0.1125 0.715625
0 0.31328125 0.54375 0.121875 0.7203125
0 0.7453125 0.5734375 0.1015625 0.6625
0 0.6890625 0.59375 0.1171875 0.6875
0 0.5765625 0.61171875 0.190625 0.7640625
0 0.21796875 0.61171875 0.165625 0.7546875
0 0.39765625 0.615625 0.184375 0.75
0 0.8390625 0.628125 0.134375 0.734375