0 0.48515625 0.171875 0.021875 0.06875
0 0.43359375 0.19921875 0.028125 0.06875
0 0.73046875 0.209375 0.03125 0.0765625
0 0.29765625 0.21015625 0.0234375 0.0734375
0 0.83125 0.2234375 0.0296875 0.0796875
0 0.28984375 0.2328125 0.0265625 0.075
0 0.87578125 0.2328125 0.0265625 0.078125
0 0.20390625 0.23515625 0.0125 0.0703125
0 0.8578125 0.2375 0.021875 0.08125
0 0.54296875 0.2421875 0.0265625 0.0875
0 0.45234375 0.24921875 0.028125 0.078125
0 0.053125 0.26015625 0.0234375 0.0359375
0 0.73046875 0.275 0.034375 0.096875
0 0.21171875 0.2921875 0.0234375 0.090625
0 0.021875 0.29453125 0.0359375 0.0625
0 0.9703125 0.3140625 0.0234375 0.0984375
0 0.84609375 0.33359375 0.0203125 0.1328125
0 0.21875 0.51171875 0.059375 0.1328125
0 0.86796875 0.546875 0.0421875 0.1203125
0 0.6453125 0.57265625 0.0359375 0.1375
0 0.32578125 0.58125 0.0515625 0.1234375
0 0.078125 0.6890625 0.0765625 0.140625
0 0.815625 0.696875 0.06875 0.14375
0 0.7125 0.815625 0.0625 0.14375
0 0.86015625 0.8171875 0.0578125 0.1609375
0 0.08515625 0.83046875 0.071875 0.1640625