0 0.56328125 0.26640625 0.14375 0.3734375
0 0.45078125 0.27890625 0.121875 0.3921875
0 0.22265625 0.3015625 0.1453125 0.3578125
0 0.33671875 0.30390625 0.1296875 0.3625
0 0.68671875 0.3046875 0.140625 0.4203125
0 0.10078125 0.3046875 0.1390625 0.3
0 0.8015625 0.3140625 0.1203125 0.3078125
0 0.9203125 0.4609375 0.134375 0.6734375
0 0.5890625 0.6046875 0.1609375 0.565625
0 0.08046875 0.60390625 0.1609375 0.6109375
0 0.7203125 0.6078125 0.153125 0.575
0 0.8578125 0.61484375 0.16875 0.5796875
0 0.45078125 0.6171875 0.140625 0.525
0 0.3296875 0.6234375 0.1265625 0.528125
0 0.21796875 0.62734375 0.134375 0.5359375