0 0.75625 0.48515625 0.1515625 0.746875
0 0.86953125 0.52421875 0.1265625 0.7140625
0 0.6359375 0.60859375 0.1234375 0.5953125
0 0.12578125 0.4890625 0.134375 0.759375
0 0.409375 0.596875 0.1203125 0.5921875
0 0.30234375 0.58671875 0.11875 0.6125
0 0.521875 0.58984375 0.1203125 0.60625
0 0.18984375 0.60390625 0.1234375 0.59375
0 0.6375 0.30546875 0.109375 0.2578125
0 0.534375 0.278125 0.0984375 0.2421875
0 0.43046875 0.2859375 0.1171875 0.2578125
0 0.334375 0.3 0.0828125 0.2328125
0 0.23203125 0.5140625 0.0984375 0.6625
0 0.23203125 0.2984375 0.0984375 0.2359375