0 0.16171875 0.58046875 0.2171875 0.6765625
0 0.32890625 0.66484375 0.1796875 0.5140625
0 0.45859375 0.65390625 0.1390625 0.4828125
0 0.56875 0.5875 0.1109375 0.5609375
0 0.67734375 0.5703125 0.1296875 0.51875
0 0.90625 0.56015625 0.1484375 0.5578125
0 0.78125 0.53359375 0.134375 0.54375
0 0.60234375 0.284375 0.140625 0.2375
0 0.26171875 0.4578125 0.1140625 0.2828125
0 0.36171875 0.41484375 0.0859375 0.196875
0 0.61953125 0.35546875 0.05625 0.1234375
0 0.709375 0.36328125 0.0515625 0.1046875
0 0.4890625 0.378125 0.1265625 0.259375
0 0.30859375 0.37265625 0.059375 0.103125