0 0.09453125 0.5609375 0.1671875 0.5109375
0 0.86171875 0.77109375 0.2171875 0.328125
0 0.80390625 0.54609375 0.1453125 0.5796875
0 0.26015625 0.72890625 0.1640625 0.378125
0 0.40859375 0.734375 0.1265625 0.390625
0 0.26015625 0.47109375 0.1234375 0.35
0 0.66171875 0.4671875 0.134375 0.4078125
0 0.5390625 0.75 0.10625 0.359375
0 0.6609375 0.7515625 0.1484375 0.325
0 0.56015625 0.48125 0.10625 0.3640625
0 0.2 0.37109375 0.090625 0.459375
0 0.59296875 0.25859375 0.1140625 0.2859375
0 0.2734375 0.2671875 0.0921875 0.259375
0 0.37421875 0.565625 0.1203125 0.4734375
0 0.44453125 0.26171875 0.0953125 0.315625
0 0.4640625 0.54296875 0.0953125 0.4875
0 0.13359375 0.365625 0.084375 0.4421875
0 0.35703125 0.2921875 0.0890625 0.315625
0 0.85625 0.29921875 0.1015625 0.29375
0 0.75625 0.328125 0.0984375 0.340625
0 0.51328125 0.29453125 0.1125 0.278125
0 0.678125 0.25234375 0.0859375 0.25