0 0.64375 0.50078125 0.075 0.3484375
0 0.10703125 0.63671875 0.1375 0.334375
0 0.91875 0.578125 0.1 0.43125
0 0.83515625 0.478125 0.090625 0.2640625
0 0.840625 0.690625 0.1390625 0.33125
0 0.2046875 0.42578125 0.0828125 0.2140625
0 0.11328125 0.43046875 0.1140625 0.23125
0 0.2703125 0.45 0.0875 0.209375
0 0.74765625 0.66796875 0.1015625 0.328125
0 0.1953125 0.6609375 0.1203125 0.29375
0 0.3046875 0.6453125 0.115625 0.3078125
0 0.56015625 0.42734375 0.075 0.16875
0 0.35625 0.52734375 0.0921875 0.3890625
0 0.70625 0.51953125 0.0578125 0.3921875
0 0.47578125 0.428125 0.0796875 0.2421875
0 0.39921875 0.46484375 0.0625 0.3125
0 0.7421875 0.51328125 0.078125 0.2953125
0 0.7953125 0.4671875 0.0640625 0.259375
0 0.24921875 0.5484375 0.078125 0.1984375