0 0.8890625 0.57109375 0.1359375 0.325
0 0.065625 0.4875 0.103125 0.4265625
0 0.809375 0.48515625 0.09375 0.3953125
0 0.70625 0.5546875 0.1140625 0.3421875
0 0.62109375 0.465625 0.0890625 0.3953125
0 0.4234375 0.5515625 0.11875 0.325
0 0.2734375 0.571875 0.128125 0.3375
0 0.15546875 0.590625 0.1171875 0.31875
0 0.546875 0.54375 0.1109375 0.3203125
0 0.31875 0.4640625 0.09375 0.3859375
0 0.7109375 0.371875 0.0921875 0.19375
0 0.46953125 0.4515625 0.078125 0.396875
0 0.39140625 0.43359375 0.08125 0.3390625
0 0.240625 0.37421875 0.0703125 0.203125
0 0.53828125 0.37265625 0.084375 0.1875
0 0.178125 0.4203125 0.1078125 0.3015625