0 0.72578125 0.4328125 0.0546875 0.2546875
0 0.275 0.83203125 0.0875 0.328125
0 0.38125 0.83984375 0.075 0.309375
0 0.6578125 0.39765625 0.04375 0.2328125
0 0.53828125 0.2671875 0.0453125 0.2078125
0 0.84921875 0.1859375 0.03125 0.13125
0 0.08359375 0.92109375 0.071875 0.15625
0 0.8734375 0.1890625 0.0265625 0.128125
0 0.68359375 0.4421875 0.0296875 0.1546875
0 0.9 0.115625 0.01875 0.096875
0 0.915625 0.12578125 0.0203125 0.0796875
0 0.77109375 0.103125 0.028125 0.0546875
0 0.79609375 0.1328125 0.0171875 0.034375