0 0.7296875 0.43125 0.053125 0.2578125
0 0.39765625 0.83671875 0.090625 0.309375
0 0.275 0.82734375 0.0796875 0.3375
0 0.66015625 0.396875 0.0453125 0.234375
0 0.8484375 0.1875 0.0328125 0.13125
0 0.5375 0.26640625 0.04375 0.20625
0 0.09140625 0.915625 0.0734375 0.1625
0 0.8734375 0.190625 0.025 0.1296875
0 0.9 0.11640625 0.01875 0.096875
0 0.68671875 0.43828125 0.0296875 0.1546875
0 0.915625 0.12421875 0.0203125 0.084375
0 0.79609375 0.1328125 0.0171875 0.034375
0 0.7703125 0.103125 0.0265625 0.05625