0 0.7671875 0.46171875 0.0796875 0.365625
0 0.3546875 0.33203125 0.1140625 0.44375
0 0.6890625 0.471875 0.15 0.6140625
0 0.8078125 0.52734375 0.15625 0.5859375
0 0.246875 0.3671875 0.1484375 0.5875
0 0.54140625 0.478125 0.1015625 0.4875
0 0.6125 0.52421875 0.2640625 0.9484375
0 0.4375 0.515625 0.2890625 0.909375
0 0.35625 0.0609375 0.0265625 0.096875
0 0.2703125 0.05859375 0.034375 0.0921875
0 0.246875 0.0515625 0.0296875 0.09375
0 0.3015625 0.0734375 0.028125 0.1109375
0 0.34375 0.096875 0.0296875 0.1015625