0 0.2453125 0.35625 0.05 0.3609375
0 0.66328125 0.39453125 0.078125 0.4328125
0 0.3203125 0.396875 0.1 0.6015625
0 0.19609375 0.403125 0.109375 0.5703125
0 0.7640625 0.471875 0.1 0.5734375
0 0.4625 0.46171875 0.059375 0.4828125
0 0.3875 0.484375 0.1859375 0.9296875
0 0.559375 0.53984375 0.2171875 0.8703125
0 0.6953125 0.1296875 0.01875 0.0921875
0 0.7796875 0.16171875 0.0265625 0.0859375
0 0.803125 0.16484375 0.021875 0.090625
0 0.746875 0.1640625 0.0203125 0.109375
0 0.703125 0.16953125 0.021875 0.0984375