0 0.44453125 0.66640625 0.0390625 0.1453125
0 0.41875 0.67265625 0.0265625 0.121875
0 0.34375 0.709375 0.040625 0.190625
0 0.68671875 0.6578125 0.0609375 0.23125
0 0.4859375 0.69765625 0.0453125 0.2
0 0.40625 0.721875 0.05 0.25
0 0.26875 0.7484375 0.046875 0.203125
0 0.73671875 0.6625 0.059375 0.2640625
0 0.77265625 0.6734375 0.0515625 0.2765625
0 0.64609375 0.696875 0.0546875 0.2765625
0 0.24375 0.7828125 0.0328125 0.253125
0 0.375 0.803125 0.078125 0.384375
0 0.30078125 0.8203125 0.0921875 0.3578125