0 0.8484375 0.228125 0.075 0.2453125
0 0.1796875 0.54296875 0.1140625 0.2265625
0 0.11875 0.578125 0.1015625 0.3015625
0 0.253125 0.540625 0.078125 0.1828125
0 0.3953125 0.57578125 0.2421875 0.5859375
0 0.909375 0.40234375 0.1796875 0.496875
0 0.7484375 0.471875 0.246875 0.5140625
0 0.109375 0.74375 0.21875 0.49375
0 0.5640625 0.559375 0.1265625 0.4453125
0 0.490625 0.58984375 0.1109375 0.4390625
0 0.29609375 0.67109375 0.1625 0.4546875
0 0.184375 0.71796875 0.1484375 0.434375
0 0.83125 0.453125 0.1484375 0.4453125
0 0.63984375 0.546875 0.1375 0.4171875