0 0.4953125 0.6515625 0.034375 0.0984375
0 0.540625 0.659375 0.0390625 0.1
0 0.46875 0.6484375 0.0234375 0.109375
0 0.5265625 0.659375 0.0234375 0.096875
0 0.45625 0.64765625 0.0203125 0.090625
0 0.421875 0.6421875 0.0203125 0.1015625
0 0.3921875 0.640625 0.0328125 0.10625
0 0.51328125 0.6609375 0.025 0.109375
0 0.5890625 0.67265625 0.0296875 0.109375
0 0.3609375 0.6375 0.0390625 0.1125
0 0.64609375 0.68359375 0.021875 0.0859375
0 0.6609375 0.68828125 0.03125 0.109375
0 0.6921875 0.69453125 0.040625 0.1234375
0 0.765625 0.70703125 0.0203125 0.109375
0 0.7328125 0.7046875 0.0328125 0.0875
0 0.7171875 0.703125 0.0421875 0.1046875