0 0.5140625 0.61484375 0.0953125 0.4234375
0 0.79375 0.575 0.0953125 0.5328125
0 0.2203125 0.72734375 0.096875 0.5390625
0 0.3625 0.71484375 0.1203125 0.56875
0 0.296875 0.7078125 0.221875 0.5828125
0 0.74375 0.63671875 0.1375 0.61875
0 0.184375 0.734375 0.1296875 0.528125
0 0.68671875 0.65703125 0.1390625 0.6125
0 0.88515625 0.609375 0.1453125 0.6078125
0 0.6140625 0.68046875 0.221875 0.621875
0 0.15234375 0.74921875 0.1484375 0.4984375
0 0.48046875 0.7140625 0.11875 0.5703125
0 0.4375 0.71875 0.1640625 0.559375
0 0.82890625 0.640625 0.1109375 0.5484375