0 0.5953125 0.5328125 0.0140625 0.0671875
0 0.509375 0.5265625 0.028125 0.15625
0 0.475 0.5234375 0.04375 0.1875
0 0.69375 0.553125 0.04375 0.2
0 0.60625 0.5421875 0.015625 0.059375
0 0.7453125 0.565625 0.1609375 0.4734375
0 0.61875 0.54921875 0.01875 0.065625
0 0.878125 0.58359375 0.125 0.521875
0 0.6578125 0.55859375 0.0515625 0.1890625
0 0.571875 0.54921875 0.0546875 0.175
0 0.1921875 0.5078125 0.0484375 0.1875
0 0.30859375 0.52890625 0.0328125 0.146875
0 0.25625 0.52578125 0.1 0.4421875
0 0.16796875 0.515625 0.028125 0.146875
0 0.8328125 0.60703125 0.05 0.1375
0 0.09375 0.5171875 0.1078125 0.4765625