0 0.925 0.2828125 0.0390625 0.1125
0 0.7109375 0.43046875 0.0703125 0.2640625
0 0.51640625 0.56484375 0.1140625 0.459375
0 0.47890625 0.590625 0.103125 0.409375
0 0.2109375 0.684375 0.2234375 0.628125
0 0.571875 0.58359375 0.1703125 0.553125
0 0.3 0.696875 0.1203125 0.4578125
0 0.76171875 0.50859375 0.13125 0.421875
0 0.9515625 0.42734375 0.096875 0.5375
0 0.6640625 0.5609375 0.1484375 0.5234375
0 0.903125 0.496875 0.1109375 0.496875
0 0.45 0.68515625 0.1546875 0.5875
0 0.8578125 0.52265625 0.1625 0.5484375