0 0.5046875 0.409375 0.0234375 0.08125
0 0.4703125 0.40625 0.04375 0.134375
0 0.59140625 0.45859375 0.0359375 0.1171875
0 0.53125 0.453125 0.053125 0.2109375
0 0.615625 0.503125 0.040625 0.171875
0 0.7421875 0.5515625 0.046875 0.203125
0 0.38125 0.4265625 0.0546875 0.2265625
0 0.3609375 0.425 0.0828125 0.290625
0 0.16171875 0.36328125 0.075 0.2640625
0 0.553125 0.50546875 0.0828125 0.334375
0 0.7125 0.5625 0.0703125 0.2921875
0 0.4171875 0.465625 0.1015625 0.33125
0 0.2734375 0.4171875 0.0859375 0.26875
0 0.23515625 0.409375 0.071875 0.2609375
0 0.6359375 0.54921875 0.0875 0.328125
0 0.31171875 0.446875 0.06875 0.2328125
0 0.475 0.53125 0.075 0.303125
0 0.6859375 0.6265625 0.1109375 0.4140625
0 0.778125 0.715625 0.1546875 0.5359375