0 0.7390625 0.553125 0.04375 0.190625
0 0.77734375 0.5515625 0.075 0.225
0 0.115625 0.7703125 0.071875 0.371875
0 0.903125 0.53515625 0.065625 0.23125
0 0.384375 0.7015625 0.0921875 0.3875
0 0.5015625 0.66484375 0.065625 0.2890625
0 0.1625 0.77109375 0.1265625 0.4546875
0 0.42109375 0.696875 0.078125 0.3578125
0 0.7625 0.5953125 0.0453125 0.2390625
0 0.46875 0.7 0.1359375 0.5078125
0 0.290625 0.7671875 0.0875 0.4390625
0 0.34375 0.74921875 0.14375 0.4984375
0 0.6734375 0.67578125 0.1765625 0.571875
0 0.56875 0.7140625 0.1390625 0.55
0 0.2390625 0.784375 0.165625 0.428125
0 0.828125 0.675 0.1390625 0.4703125