0 0.25859375 0.5375 0.0515625 0.134375
0 0.171875 0.57265625 0.0484375 0.1375
0 0.4203125 0.496875 0.0515625 0.171875
0 0.45546875 0.49609375 0.04375 0.1640625
0 0.8703125 0.359375 0.059375 0.2359375
0 0.596875 0.4734375 0.0734375 0.271875
0 0.6390625 0.46171875 0.0875 0.3015625
0 0.4046875 0.55 0.046875 0.184375
0 0.378125 0.57578125 0.075 0.2828125
0 0.75 0.43984375 0.0703125 0.2625
0 0.9015625 0.396875 0.0703125 0.328125
0 0.1171875 0.696875 0.08125 0.2796875
0 0.5734375 0.53203125 0.1140625 0.3328125
0 0.2375 0.659375 0.1015625 0.3453125
0 0.709375 0.51171875 0.109375 0.36875
0 0.834375 0.47578125 0.128125 0.4921875
0 0.334375 0.67578125 0.1171875 0.421875
0 0.1828125 0.74921875 0.128125 0.409375
0 0.5109375 0.709375 0.1765625 0.578125