0 0.15 0.23828125 0.071875 0.2453125
0 0.8203125 0.53359375 0.1140625 0.2234375
0 0.88203125 0.565625 0.0984375 0.3
0 0.746875 0.53359375 0.078125 0.18125
0 0.60546875 0.571875 0.2375 0.584375
0 0.0890625 0.41484375 0.178125 0.49375
0 0.2515625 0.4796875 0.24375 0.509375
0 0.89296875 0.73046875 0.2125 0.4890625
0 0.43671875 0.5609375 0.1234375 0.4453125
0 0.51015625 0.5890625 0.10625 0.4390625
0 0.70546875 0.66484375 0.159375 0.4546875
0 0.8171875 0.70859375 0.1453125 0.4328125
0 0.16796875 0.4640625 0.1453125 0.44375
0 0.3609375 0.55078125 0.134375 0.415625