0 0.5 0.63359375 0.009375 0.040625
0 0.65703125 0.634375 0.015625 0.05625
0 0.48125 0.6375 0.0125 0.0578125
0 0.77109375 0.6390625 0.0234375 0.0953125
0 0.45703125 0.64140625 0.015625 0.0703125
0 0.54296875 0.6484375 0.015625 0.0828125
0 0.425 0.65703125 0.025 0.09375
0 0.10546875 0.6609375 0.0265625 0.0984375
0 0.99140625 0.675 0.015625 0.2109375
0 0.384375 0.67890625 0.0359375 0.1453125
0 0.2796875 0.7015625 0.0578125 0.203125
0 0.07265625 0.7015625 0.0234375 0.196875
0 0.82265625 0.70703125 0.0765625 0.3109375
0 0.6125 0.71796875 0.0671875 0.3234375
0 0.69375 0.72109375 0.046875 0.31875
0 0.7359375 0.725 0.0453125 0.2890625
0 0.02109375 0.73046875 0.0421875 0.2265625