0 0.4953125 0.61640625 0.0625 0.4125
0 0.21484375 0.646875 0.0546875 0.5234375
0 0.7953125 0.65546875 0.05625 0.53125
0 0.65390625 0.68359375 0.0765625 0.5625
0 0.7203125 0.690625 0.175 0.615625
0 0.26875 0.69609375 0.0921875 0.6015625
0 0.83515625 0.696875 0.0828125 0.6015625
0 0.32734375 0.7015625 0.09375 0.5953125
0 0.12734375 0.70390625 0.1 0.5875
0 0.4015625 0.70703125 0.178125 0.584375
0 0.86796875 0.709375 0.1046875 0.5765625
0 0.53671875 0.7140625 0.075 0.5703125
0 0.5796875 0.715625 0.1203125 0.5640625
0 0.18515625 0.72109375 0.0703125 0.5359375