0 0.5640625 0.709375 0.0140625 0.040625
0 0.4890625 0.74296875 0.0234375 0.090625
0 0.67578125 0.68828125 0.0265625 0.078125
0 0.66328125 0.69765625 0.0203125 0.0703125
0 0.3875 0.8078125 0.0390625 0.1359375
0 0.70390625 0.6984375 0.0328125 0.1140625
0 0.1859375 0.89296875 0.0359375 0.1796875
0 0.17265625 0.896875 0.040625 0.190625
0 0.5859375 0.76484375 0.0546875 0.1796875
0 0.84140625 0.68046875 0.0453125 0.184375
0 0.43125 0.825 0.053125 0.221875
0 0.63125 0.7578125 0.046875 0.1859375
0 0.75 0.71796875 0.040625 0.1921875
0 0.47421875 0.8171875 0.0515625 0.2125
0 0.76875 0.721875 0.0546875 0.215625
0 0.6078125 0.78984375 0.0484375 0.1421875
0 0.559375 0.8078125 0.0421875 0.1109375
0 0.3390625 0.865625 0.084375 0.265625
0 0.909375 0.696875 0.08125 0.2828125
0 0.375 0.890625 0.090625 0.215625