0 0.5296875 0.73359375 0.0125 0.0390625
0 0.4515625 0.728125 0.01875 0.0890625
0 0.63984375 0.7671875 0.0234375 0.075
0 0.6265625 0.77109375 0.015625 0.0671875
0 0.34375 0.740625 0.0328125 0.134375
0 0.665625 0.790625 0.028125 0.1109375
0 0.13671875 0.7234375 0.025 0.178125
0 0.1234375 0.721875 0.03125 0.1890625
0 0.5421875 0.796875 0.04375 0.178125
0 0.8 0.840625 0.034375 0.18125
0 0.38359375 0.77890625 0.040625 0.21875
0 0.58671875 0.81171875 0.0359375 0.184375
0 0.70625 0.83203125 0.028125 0.19375
0 0.4265625 0.7921875 0.0390625 0.2109375
0 0.7234375 0.84453125 0.04375 0.2140625
0 0.5578125 0.83125 0.0390625 0.1375
0 0.509375 0.825 0.0359375 0.1078125
0 0.284375 0.79296875 0.0671875 0.3
0 0.86328125 0.87421875 0.0671875 0.2484375
0 0.3140625 0.84140625 0.0765625 0.2625