0 0.446875 0.66875 0.040625 0.1453125
0 0.4203125 0.67578125 0.0265625 0.121875
0 0.3453125 0.7140625 0.0421875 0.1921875
0 0.68828125 0.65234375 0.0625 0.23125
0 0.4875 0.6984375 0.0484375 0.2
0 0.40859375 0.72421875 0.053125 0.25
0 0.27109375 0.75546875 0.0484375 0.2046875
0 0.73828125 0.6546875 0.0609375 0.2640625
0 0.77421875 0.665625 0.0546875 0.2765625
0 0.6484375 0.69296875 0.0578125 0.278125
0 0.246875 0.790625 0.034375 0.253125
0 0.378125 0.80625 0.08125 0.3859375
0 0.30390625 0.82265625 0.0953125 0.3515625