0 0.79375 0.34453125 0.034375 0.1375
0 0.7734375 0.359375 0.0328125 0.14375
0 0.75234375 0.39453125 0.0546875 0.209375
0 0.5046875 0.459375 0.0234375 0.1109375
0 0.484375 0.46953125 0.0296875 0.1265625
0 0.3921875 0.51328125 0.059375 0.2390625
0 0.4484375 0.5234375 0.071875 0.2984375
0 0.171875 0.54140625 0.34375 0.9140625
0 0.934375 0.49609375 0.103125 0.5140625
0 0.9734375 0.5 0.053125 0.6109375
0 0.56328125 0.6015625 0.146875 0.61875
0 0.36640625 0.6421875 0.13125 0.55625
0 0.7 0.5921875 0.1640625 0.6546875
0 0.88046875 0.5828125 0.1859375 0.7140625