0 0.49140625 0.334375 0.0859375 0.2109375
0 0.63515625 0.34453125 0.071875 0.296875
0 0.71796875 0.3203125 0.075 0.2859375
0 0.68828125 0.3421875 0.0703125 0.265625
0 0.3796875 0.4390625 0.0390625 0.20625
0 0.4109375 0.4359375 0.0515625 0.1953125
0 0.22734375 0.509375 0.1 0.3921875
0 0.36171875 0.48984375 0.071875 0.34375
0 0.228125 0.546875 0.109375 0.38125
0 0.4625 0.4859375 0.128125 0.396875
0 0.64296875 0.446875 0.096875 0.3859375
0 0.34765625 0.540625 0.0921875 0.390625
0 0.16640625 0.6 0.1171875 0.434375
0 0.4765625 0.52578125 0.1 0.3640625
0 0.309375 0.58203125 0.1375 0.503125
0 0.615625 0.53515625 0.1328125 0.5671875
0 0.5171875 0.57890625 0.103125 0.446875
0 0.7875 0.5125 0.1375 0.5078125
0 0.8546875 0.52265625 0.1265625 0.4953125