0 0.2578125 0.46953125 0.0421875 0.1265625
0 0.16875 0.48046875 0.0375 0.13125
0 0.421875 0.475 0.0375 0.1671875
0 0.45625 0.48359375 0.0296875 0.1609375
0 0.878125 0.46484375 0.040625 0.2328125
0 0.59765625 0.50078125 0.0515625 0.265625
0 0.640625 0.50078125 0.0640625 0.2921875
0 0.4015625 0.52265625 0.03125 0.1828125
0 0.3734375 0.540625 0.053125 0.275
0 0.75234375 0.509375 0.0484375 0.2578125
0 0.90546875 0.509375 0.04375 0.325
0 0.1046875 0.58828125 0.059375 0.271875
0 0.56953125 0.55234375 0.0890625 0.31875
0 0.2265625 0.584375 0.0734375 0.334375
0 0.70546875 0.5703125 0.0796875 0.35625
0 0.8328125 0.56953125 0.0875 0.48125
0 0.321875 0.628125 0.0828125 0.409375
0 0.1640625 0.6578125 0.0953125 0.3953125
0 0.4921875 0.71171875 0.13125 0.5609375