0 0.6875 0.8734375 0.1109375 0.25
0 0.44765625 0.7859375 0.1171875 0.3171875
0 0.4828125 0.80703125 0.0734375 0.265625
0 0.18125 0.675 0.071875 0.278125
0 0.525 0.83046875 0.084375 0.246875
0 0.39609375 0.775 0.0796875 0.2421875
0 0.28046875 0.7265625 0.0625 0.2453125
0 0.58125 0.859375 0.075 0.2734375
0 0.60625 0.865625 0.0921875 0.265625
0 0.23515625 0.7078125 0.103125 0.3015625
0 0.3328125 0.75234375 0.1015625 0.278125
0 0.78359375 0.90703125 0.09375 0.184375
0 0.26875 0.725 0.0984375 0.2890625
0 0.1390625 0.66953125 0.0984375 0.2796875
0 0.684375 0.88515625 0.1046875 0.2265625
0 0.08515625 0.6453125 0.078125 0.275
0 0.2125 0.703125 0.109375 0.31875
0 0.7390625 0.89765625 0.08125 0.2015625
0 0.16328125 0.684375 0.06875 0.2390625
0 0.4140625 0.79609375 0.103125 0.278125
0 0.84140625 0.925 0.0796875 0.146875
0 0.56328125 0.86484375 0.109375 0.253125
0 0.8390625 0.93203125 0.06875 0.134375
0 0.3640625 0.77890625 0.078125 0.2515625
0 0.6453125 0.88125 0.109375 0.234375
0 0.80625 0.9265625 0.059375 0.1453125
0 0.096875 0.67265625 0.1125 0.2796875