0 0.496875 0.6515625 0.0328125 0.096875
0 0.5421875 0.65859375 0.0375 0.1
0 0.4703125 0.64921875 0.021875 0.10625
0 0.528125 0.65859375 0.0234375 0.096875
0 0.4578125 0.64921875 0.01875 0.090625
0 0.4234375 0.6453125 0.0203125 0.1015625
0 0.39375 0.64453125 0.0328125 0.1046875
0 0.51484375 0.66015625 0.0234375 0.109375
0 0.590625 0.6703125 0.028125 0.10625
0 0.3625 0.64140625 0.0390625 0.1109375
0 0.6484375 0.678125 0.021875 0.084375
0 0.6625 0.68359375 0.028125 0.109375
0 0.69375 0.68828125 0.040625 0.121875
0 0.7671875 0.6984375 0.01875 0.109375
0 0.73515625 0.69765625 0.03125 0.0859375
0 0.71875 0.696875 0.0421875 0.103125