0 0.596875 0.4875 0.01875 0.06875
0 0.5125 0.52109375 0.0375 0.159375
0 0.4796875 0.534375 0.0546875 0.1921875
0 0.6953125 0.4625 0.0578125 0.203125
0 0.609375 0.4921875 0.01875 0.0609375
0 0.74609375 0.45 0.190625 0.496875
0 0.621875 0.49296875 0.0234375 0.06875
0 0.87734375 0.40625 0.159375 0.5359375
0 0.6609375 0.484375 0.0640625 0.196875
0 0.5765625 0.51484375 0.065625 0.184375
0 0.203125 0.64921875 0.0609375 0.1953125
0 0.31875 0.615625 0.040625 0.1515625
0 0.26875 0.63671875 0.128125 0.453125
0 0.18125 0.66796875 0.0375 0.146875
0 0.83671875 0.45 0.0578125 0.1453125
0 0.11015625 0.70390625 0.1375 0.4890625