0 0.27890625 0.66796875 0.0375 0.1890625
0 0.24140625 0.68515625 0.0671875 0.2203125
0 0.9109375 0.571875 0.0578125 0.36875
0 0.11796875 0.73203125 0.05625 0.228125
0 0.6421875 0.63671875 0.078125 0.384375
0 0.52421875 0.659375 0.0546875 0.2875
0 0.8671875 0.5953125 0.1109375 0.45
0 0.60625 0.65078125 0.0640625 0.3546875
0 0.2625 0.7203125 0.0375 0.2390625
0 0.56171875 0.67734375 0.1171875 0.5015625
0 0.74375 0.65390625 0.071875 0.4359375
0 0.6890625 0.66484375 0.125 0.4953125
0 0.3609375 0.73515625 0.1578125 0.5265625
0 0.4671875 0.7328125 0.1203125 0.5328125
0 0.803125 0.69296875 0.146875 0.515625
0 0.2125 0.79765625 0.1234375 0.4015625