0 0.43125 0.71484375 0.0203125 0.0828125
0 0.415625 0.740625 0.0296875 0.1421875
0 0.290625 0.790625 0.040625 0.175
0 0.7234375 0.68828125 0.0546875 0.2078125
0 0.1921875 0.85703125 0.046875 0.1875
0 0.70625 0.69609375 0.0875 0.228125
0 0.909375 0.6328125 0.065625 0.24375
0 0.7859375 0.67734375 0.05625 0.2078125
0 0.94375 0.63359375 0.0515625 0.2234375
0 0.61640625 0.74609375 0.0828125 0.3125
0 0.4078125 0.8125 0.0578125 0.2578125
0 0.36015625 0.8328125 0.0578125 0.2609375
0 0.66171875 0.74765625 0.0765625 0.2765625
0 0.5640625 0.78046875 0.040625 0.096875
0 0.88671875 0.67890625 0.0921875 0.3140625
0 0.8453125 0.69921875 0.0734375 0.271875
0 0.9625 0.66484375 0.075 0.3546875
0 0.38671875 0.84765625 0.0875 0.3015625
0 0.328125 0.8671875 0.084375 0.2625