0 0.5140625 0.4125 0.0234375 0.08125
0 0.546875 0.43125 0.0421875 0.1328125
0 0.4234375 0.403125 0.034375 0.1171875
0 0.4796875 0.4359375 0.0515625 0.2109375
0 0.3921875 0.42890625 0.0390625 0.171875
0 0.2640625 0.39375 0.0453125 0.2046875
0 0.625 0.50703125 0.053125 0.2265625
0 0.6453125 0.51875 0.0796875 0.290625
0 0.84375 0.58828125 0.071875 0.2640625
0 0.45 0.471875 0.0796875 0.3328125
0 0.2890625 0.421875 0.06875 0.2921875
0 0.58359375 0.52109375 0.0984375 0.328125
0 0.728125 0.5671875 0.0828125 0.265625
0 0.765625 0.584375 0.06875 0.259375
0 0.3640625 0.459375 0.084375 0.328125
0 0.68671875 0.56953125 0.0671875 0.2328125
0 0.5171875 0.5453125 0.0734375 0.303125
0 0.30078125 0.49921875 0.10625 0.4125
0 0.196875 0.5234375 0.15 0.534375