0 0.7484375 0.75859375 0.0890625 0.2625
0 0.503125 0.80078125 0.09375 0.303125
0 0.53984375 0.80078125 0.0515625 0.2609375
0 0.2296875 0.85 0.0484375 0.275
0 0.584375 0.79765625 0.065625 0.2375
0 0.45234375 0.81953125 0.0625 0.234375
0 0.334375 0.840625 0.04375 0.2421875
0 0.6421875 0.79296875 0.0515625 0.2703125
0 0.66796875 0.790625 0.0703125 0.2671875
0 0.2875 0.84921875 0.08125 0.290625
0 0.3875 0.83515625 0.0828125 0.265625
0 0.8515625 0.76484375 0.0734375 0.265625
0 0.32265625 0.846875 0.0765625 0.278125
0 0.1890625 0.86640625 0.078125 0.2640625
0 0.74921875 0.78203125 0.0828125 0.2640625
0 0.134375 0.87109375 0.05625 0.25625
0 0.265625 0.8515625 0.0859375 0.2953125
0 0.80703125 0.77734375 0.0578125 0.2796875
0 0.215625 0.86953125 0.0515625 0.234375
0 0.4734375 0.82890625 0.0828125 0.265625
0 0.9125 0.76328125 0.0578125 0.265625
0 0.6265625 0.8078125 0.09375 0.2359375
0 0.909375 0.765625 0.0484375 0.2421875
0 0.42265625 0.8421875 0.059375 0.246875
0 0.7109375 0.79765625 0.0890625 0.265625
0 0.87734375 0.77734375 0.0375 0.2515625
0 0.15 0.88203125 0.0921875 0.234375