0 0.5015625 0.61640625 0.075 0.41875
0 0.78046875 0.6734375 0.0703125 0.528125
0 0.2 0.628125 0.071875 0.534375
0 0.340625 0.66875 0.09375 0.5703125
0 0.27421875 0.66953125 0.19375 0.63125
0 0.725 0.70546875 0.1109375 0.5859375
0 0.159375 0.665625 0.1 0.609375
0 0.6671875 0.70703125 0.1125 0.584375
0 0.865625 0.71953125 0.11875 0.559375
0 0.5921875 0.7078125 0.1953125 0.5828125
0 0.1265625 0.675 0.121875 0.584375
0 0.45703125 0.71015625 0.090625 0.575
0 0.4140625 0.7078125 0.1359375 0.5734375
0 0.8078125 0.7390625 0.0859375 0.5203125