0 0.98203125 0.521875 0.025 0.1453125
0 0.753125 0.5234375 0.0140625 0.103125
0 0.7875 0.528125 0.0171875 0.10625
0 0.77109375 0.52890625 0.0203125 0.109375
0 0.33828125 0.534375 0.0203125 0.08125
0 0.9359375 0.5359375 0.0265625 0.171875
0 0.7359375 0.5375 0.028125 0.1359375
0 0.9078125 0.5375 0.0203125 0.1734375
0 0.31171875 0.5390625 0.025 0.0875
0 0.35703125 0.5390625 0.01875 0.1140625
0 0.90234375 0.54140625 0.034375 0.1875
0 0.4296875 0.54140625 0.0203125 0.10625
0 0.25625 0.5515625 0.0203125 0.1109375
0 0.39296875 0.5515625 0.025 0.140625
0 0.83515625 0.55703125 0.0375 0.2734375
0 0.6921875 0.5734375 0.0390625 0.246875
0 0.6515625 0.5765625 0.0453125 0.2375
0 0.87421875 0.58046875 0.10625 0.359375
0 0.0484375 0.6140625 0.0921875 0.5125
0 0.5046875 0.61640625 0.1015625 0.5578125
0 0.1265625 0.621875 0.1515625 0.5890625