0 0.47578125 0.2203125 0.0171875 0.0453125
0 0.871875 0.40390625 0.01875 0.040625
0 0.6125 0.309375 0.01875 0.053125
0 0.4609375 0.2578125 0.0203125 0.0578125
0 0.275 0.17734375 0.0203125 0.059375
0 0.703125 0.36796875 0.0171875 0.0578125
0 0.33203125 0.209375 0.0234375 0.059375
0 0.3609375 0.228125 0.01875 0.0640625
0 0.3484375 0.2234375 0.0203125 0.0625
0 0.5015625 0.29296875 0.01875 0.0625
0 0.8 0.428125 0.0203125 0.0515625
0 0.36875 0.2390625 0.0203125 0.0640625
0 0.575 0.3296875 0.0203125 0.0625
0 0.5203125 0.309375 0.0203125 0.06875
0 0.4640625 0.28671875 0.01875 0.0515625
0 0.47265625 0.29140625 0.01875 0.059375
0 0.403125 0.2625 0.021875 0.059375
0 0.440625 0.278125 0.0203125 0.046875
0 0.8328125 0.45703125 0.01875 0.053125
0 0.5875 0.35 0.0203125 0.0671875
0 0.484375 0.30703125 0.0234375 0.0640625
0 0.8484375 0.46796875 0.01875 0.05
0 0.66875 0.39140625 0.0203125 0.0546875
0 0.7296875 0.41875 0.0234375 0.0640625
0 0.7828125 0.4453125 0.0203125 0.059375
0 0.81171875 0.459375 0.0203125 0.0625
0 0.6546875 0.38984375 0.021875 0.065625
0 0.753125 0.434375 0.0234375 0.071875
0 0.7421875 0.43125 0.021875 0.0671875
0 0.76640625 0.4421875 0.021875 0.0671875
0 0.7015625 0.4171875 0.0203125 0.059375
0 0.64140625 0.3921875 0.0203125 0.0640625
0 0.4171875 0.29453125 0.0234375 0.0609375
0 0.37890625 0.278125 0.01875 0.0578125
0 0.3875 0.28125 0.0203125 0.0625
0 0.4296875 0.303125 0.0203125 0.0609375
0 0.553125 0.3578125 0.0234375 0.0703125
0 0.45625 0.3171875 0.025 0.08125
0 0.325 0.26171875 0.0265625 0.075
0 0.5046875 0.34140625 0.028125 0.071875
0 0.79765625 0.47421875 0.025 0.06875
0 0.5671875 0.3734375 0.021875 0.071875
0 0.5984375 0.39375 0.0265625 0.0796875
0 0.6109375 0.40078125 0.0203125 0.0671875
0 0.6890625 0.43671875 0.025 0.0734375
0 0.5875 0.390625 0.0234375 0.0640625
0 0.43515625 0.325 0.0265625 0.075
0 0.9296875 0.54453125 0.025 0.046875
0 0.90703125 0.5359375 0.0296875 0.078125
0 0.771875 0.47578125 0.025 0.0546875
0 0.82265625 0.503125 0.021875 0.06875
0 0.6234375 0.41484375 0.0296875 0.08125
0 0.3921875 0.31484375 0.021875 0.0734375
0 0.8375 0.5140625 0.0296875 0.0828125
0 0.6734375 0.440625 0.025 0.0671875
0 0.659375 0.4390625 0.025 0.078125
0 0.71171875 0.46640625 0.021875 0.059375
0 0.3984375 0.328125 0.025 0.071875
0 0.5234375 0.3875 0.0234375 0.078125
0 0.53515625 0.3921875 0.025 0.0796875
0 0.6984375 0.4703125 0.0234375 0.0796875
0 0.721875 0.484375 0.0234375 0.059375
0 0.871875 0.5578125 0.03125 0.0890625
0 0.8875 0.565625 0.0296875 0.096875
0 0.94375 0.59375 0.028125 0.084375
0 0.5859375 0.43828125 0.021875 0.0703125
0 0.153125 0.246875 0.034375 0.08125
0 0.70625 0.4921875 0.0171875 0.046875
0 0.7640625 0.5203125 0.028125 0.0828125
0 0.784375 0.53203125 0.0234375 0.0671875
0 0.7765625 0.528125 0.0234375 0.0828125
0 0.2265625 0.2875 0.034375 0.0953125
0 0.9234375 0.596875 0.0328125 0.0890625
0 0.11953125 0.23984375 0.0296875 0.0796875
0 0.853125 0.565625 0.0265625 0.0828125
0 0.6234375 0.465625 0.0265625 0.071875
0 0.64296875 0.48046875 0.0234375 0.046875
0 0.3953125 0.37109375 0.0265625 0.08125
0 0.3578125 0.35546875 0.0375 0.096875
0 0.1546875 0.26640625 0.021875 0.04375
0 0.9625 0.6265625 0.0328125 0.09375
0 0.81796875 0.565625 0.025 0.084375
0 0.59140625 0.46875 0.0328125 0.0984375
0 0.2390625 0.3140625 0.025 0.0625
0 0.978125 0.646875 0.0234375 0.059375
0 0.80546875 0.57109375 0.0296875 0.090625
0 0.828125 0.584375 0.03125 0.09375
0 0.634375 0.49765625 0.028125 0.0609375
0 0.79375 0.571875 0.0265625 0.10625
0 0.73046875 0.5453125 0.0328125 0.1015625
0 0.7796875 0.56875 0.03125 0.1015625
0 0.153125 0.290625 0.0234375 0.0546875
0 0.31875 0.3640625 0.025 0.0625
0 0.13125 0.28203125 0.025 0.0484375
0 0.61875 0.49921875 0.0296875 0.1015625
0 0.1109375 0.2796875 0.025 0.0703125
0 0.70390625 0.54296875 0.021875 0.06875
0 0.17109375 0.30859375 0.028125 0.096875
0 0.46953125 0.4421875 0.034375 0.1015625
0 0.421875 0.425 0.034375 0.1171875
0 0.74609375 0.5703125 0.03125 0.109375
0 0.49375 0.46015625 0.028125 0.0984375
0 0.50703125 0.4671875 0.0296875 0.1125
0 0.234375 0.346875 0.0296875 0.078125
0 0.7140625 0.56015625 0.0296875 0.0984375
0 0.8671875 0.628125 0.034375 0.1015625
0 0.9296875 0.65625 0.03125 0.1015625
0 0.6859375 0.55703125 0.0359375 0.1046875
0 0.12578125 0.309375 0.0296875 0.0546875
0 0.975 0.6875 0.021875 0.0453125
0 0.14375 0.321875 0.0328125 0.0859375
0 0.175 0.34140625 0.0328125 0.1078125
0 0.3375 0.415625 0.03125 0.103125
0 0.63359375 0.546875 0.0359375 0.109375
0 0.5703125 0.521875 0.040625 0.1234375
0 0.47890625 0.48359375 0.034375 0.1109375
0 0.45 0.478125 0.03125 0.1015625
0 0.196875 0.36796875 0.0265625 0.0671875
0 0.2828125 0.40859375 0.0296875 0.1015625
0 0.309375 0.421875 0.0390625 0.1171875
0 0.1453125 0.3515625 0.034375 0.096875
0 0.1078125 0.3359375 0.028125 0.08125
0 0.121875 0.346875 0.025 0.084375
0 0.69375 0.603125 0.040625 0.1109375
0 0.2765625 0.41796875 0.034375 0.1203125
0 0.3515625 0.4515625 0.0421875 0.1234375
0 0.95 0.72109375 0.0390625 0.1328125
0 0.2296875 0.4015625 0.0359375 0.1109375
0 0.24375 0.4140625 0.0328125 0.109375
0 0.51953125 0.54296875 0.0359375 0.109375
0 0.76171875 0.66015625 0.0375 0.109375
0 0.04453125 0.34375 0.0390625 0.128125
0 0.0578125 0.35859375 0.0359375 0.134375
0 0.5734375 0.59296875 0.0578125 0.146875
0 0.40546875 0.51796875 0.0390625 0.121875
0 0.9640625 0.76875 0.046875 0.165625
0 0.18828125 0.425 0.04375 0.128125
0 0.1328125 0.4078125 0.04375 0.13125
0 0.4453125 0.55 0.0453125 0.121875
0 0.0671875 0.3828125 0.0359375 0.1265625
0 0.08125 0.39140625 0.040625 0.1203125
0 0.534375 0.59375 0.04375 0.146875
0 0.128125 0.4234375 0.053125 0.140625
0 0.02890625 0.38125 0.053125 0.1453125
0 0.0984375 0.43515625 0.0484375 0.140625
0 0.503125 0.615625 0.0375 0.1421875
0 0.8265625 0.771875 0.04375 0.134375
0 0.8609375 0.8046875 0.04375 0.15
0 0.703125 0.75078125 0.0453125 0.146875
0 0.67578125 0.74375 0.04375 0.1515625
0 0.84453125 0.84453125 0.0453125 0.1609375
0 0.7265625 0.79375 0.0625 0.171875
0 0.82578125 0.84140625 0.04375 0.153125
0 0.06484375 0.525 0.0578125 0.1875
0 0.43125 0.68671875 0.046875 0.1734375
0 0.4609375 0.703125 0.0484375 0.15
0 0.390625 0.6921875 0.0546875 0.1796875
0 0.5703125 0.7875 0.078125 0.2046875
0 0.65 0.88671875 0.059375 0.196875
0 0.6875 0.903125 0.0625 0.1921875
0 0.0203125 0.62109375 0.040625 0.1921875
0 0.54453125 0.86015625 0.0640625 0.18125
0 0.60859375 0.89609375 0.0625 0.196875
0 0.4921875 0.853125 0.0671875 0.209375
0 0.3796875 0.8078125 0.059375 0.225
0 0.4453125 0.84375 0.0625 0.221875
0 0.7265625 0.93203125 0.065625 0.134375
0 0.215625 0.75 0.0671875 0.2046875
0 0.865625 0.96484375 0.0765625 0.06875
0 0.7671875 0.95234375 0.06875 0.09375
0 0.16171875 0.76953125 0.0640625 0.1953125
0 0.559375 0.953125 0.0625 0.0921875
0 0.51875 0.946875 0.059375 0.1046875