0 0.5109375 0.73828125 0.015625 0.040625
0 0.434375 0.7140625 0.025 0.090625
0 0.6171875 0.79921875 0.028125 0.078125
0 0.60390625 0.79921875 0.0203125 0.0703125
0 0.3265625 0.69921875 0.040625 0.1359375
0 0.640625 0.828125 0.0359375 0.1140625
0 0.1234375 0.63203125 0.0390625 0.178125
0 0.109375 0.6265625 0.0453125 0.190625
0 0.51875 0.80390625 0.0578125 0.1828125
0 0.7703125 0.909375 0.0484375 0.1796875
0 0.3625 0.746875 0.0578125 0.221875
0 0.5609375 0.83046875 0.05 0.1875
0 0.678125 0.8796875 0.04375 0.19375
0 0.40390625 0.771875 0.0546875 0.2140625
0 0.6953125 0.89296875 0.0609375 0.2109375
0 0.53125 0.8421875 0.05 0.14375
0 0.484375 0.82421875 0.04375 0.1125
0 0.2640625 0.73671875 0.0890625 0.3078125
0 0.8296875 0.915625 0.0875 0.165625
0 0.2890625 0.79296875 0.09375 0.2734375