0 0.221875 0.2734375 0.04375 0.140625
0 0.240625 0.29375 0.04375 0.146875
0 0.25859375 0.3328125 0.06875 0.2140625
0 0.4984375 0.459375 0.03125 0.1125
0 0.51875 0.4734375 0.0390625 0.1296875
0 0.60546875 0.53984375 0.0765625 0.2453125
0 0.55 0.5359375 0.0921875 0.3046875
0 0.80625 0.5703125 0.3859375 0.8578125
0 0.0703125 0.38828125 0.140625 0.521875
0 0.040625 0.3796875 0.08125 0.60625
0 0.4296875 0.584375 0.190625 0.63125
0 0.621875 0.67421875 0.16875 0.5671875
0 0.29453125 0.54140625 0.2109375 0.6703125
0 0.1171875 0.48671875 0.234375 0.7328125