0 0.596875 0.52734375 0.0125 0.065625
0 0.509375 0.52578125 0.025 0.15625
0 0.4765625 0.525 0.040625 0.1859375
0 0.69453125 0.540625 0.040625 0.1984375
0 0.60703125 0.5359375 0.0125 0.059375
0 0.74609375 0.55 0.153125 0.465625
0 0.61953125 0.5421875 0.01875 0.065625
0 0.8796875 0.559375 0.115625 0.515625
0 0.659375 0.5484375 0.05 0.1859375
0 0.57265625 0.5453125 0.0515625 0.171875
0 0.1921875 0.52734375 0.0453125 0.1859375
0 0.309375 0.540625 0.0296875 0.146875
0 0.25703125 0.540625 0.0921875 0.4375
0 0.16875 0.5359375 0.025 0.1453125
0 0.834375 0.5859375 0.046875 0.134375
0 0.09375 0.54296875 0.0984375 0.471875