0 0.778125 0.2734375 0.04375 0.140625
0 0.759375 0.29375 0.04375 0.146875
0 0.74140625 0.3328125 0.0671875 0.2140625
0 0.5015625 0.459375 0.03125 0.1125
0 0.48125 0.4734375 0.0390625 0.1296875
0 0.39453125 0.53984375 0.0765625 0.2453125
0 0.45 0.5359375 0.0921875 0.3046875
0 0.19375 0.5703125 0.3875 0.8578125
0 0.9296875 0.38828125 0.1390625 0.521875
0 0.959375 0.38046875 0.08125 0.60625
0 0.5703125 0.584375 0.190625 0.63125
0 0.378125 0.67421875 0.1703125 0.5671875
0 0.70546875 0.54140625 0.2109375 0.6703125
0 0.88203125 0.4875 0.234375 0.734375