0 0.1296875 0.45625 0.04375 0.1890625
0 0.096875 0.45546875 0.0515625 0.1921875
0 0.38671875 0.5703125 0.0640625 0.33125
0 0.1671875 0.50390625 0.071875 0.290625
0 0.8265625 0.71640625 0.1953125 0.528125
0 0.4125 0.59375 0.0796875 0.378125
0 0.69375 0.6875 0.1640625 0.5296875
0 0.22890625 0.54609375 0.1375 0.44375
0 0.5265625 0.640625 0.10625 0.4296875
0 0.303125 0.571875 0.1015625 0.434375
0 0.5703125 0.6578125 0.0828125 0.3953125
0 0.615625 0.68828125 0.1296875 0.553125
0 0.4640625 0.64765625 0.1609375 0.55
0 0.346875 0.62265625 0.10625 0.4796875