0 0.2921875 0.18515625 0.0609375 0.1296875
0 0.603125 0.36328125 0.065625 0.2453125
0 0.66875 0.38515625 0.0640625 0.2609375
0 0.5359375 0.353125 0.059375 0.240625
0 0.68984375 0.403125 0.05 0.2359375
0 0.821875 0.459375 0.1171875 0.4546875
0 0.7078125 0.43984375 0.0953125 0.3796875
0 0.865625 0.490625 0.0734375 0.353125
0 0.73203125 0.45390625 0.0984375 0.3703125
0 0.7796875 0.478125 0.0828125 0.3484375
0 0.6359375 0.43515625 0.078125 0.30625
0 0.9046875 0.54375 0.0828125 0.453125
0 0.15546875 0.38359375 0.11875 0.55
0 0.11875 0.3890625 0.1328125 0.68125