0 0.2671875 0.246875 0.0515625 0.1171875
0 0.58984375 0.3359375 0.046875 0.2359375
0 0.65703125 0.33984375 0.0421875 0.2546875
0 0.52265625 0.3453125 0.040625 0.2328125
0 0.67890625 0.3515625 0.0296875 0.2328125
0 0.8140625 0.37109375 0.0796875 0.4421875
0 0.7 0.3828125 0.0640625 0.36875
0 0.8609375 0.3890625 0.04375 0.346875
0 0.725 0.390625 0.06875 0.35625
0 0.775 0.4 0.053125 0.340625
0 0.628125 0.3984375 0.0546875 0.296875
0 0.903125 0.43046875 0.0453125 0.45
0 0.14921875 0.48046875 0.071875 0.5390625
0 0.1140625 0.496875 0.0734375 0.671875