0 0.9640625 0.690625 0.0703125 0.371875
0 0.7484375 0.68203125 0.06875 0.3828125
0 0.84375 0.690625 0.06875 0.3875
0 0.90390625 0.703125 0.065625 0.359375
0 0.565625 0.684375 0.0546875 0.409375
0 0.434375 0.684375 0.078125 0.4015625
0 0.63203125 0.7 0.0703125 0.365625
0 0.1328125 0.671875 0.05625 0.353125
0 0.33203125 0.68984375 0.090625 0.4546875
0 0.1953125 0.684375 0.071875 0.39375
0 0.521875 0.70703125 0.0640625 0.39375
0 0.7078125 0.72421875 0.0671875 0.34375
0 0.10546875 0.696875 0.1109375 0.4203125
0 0.2671875 0.71015625 0.05625 0.3640625
0 0.23125 0.7140625 0.0921875 0.428125