0 0.759375 0.37421875 0.028125 0.1046875
0 0.6421875 0.3546875 0.0453125 0.19375
0 0.73125 0.39609375 0.0546875 0.1984375
0 0.6703125 0.37734375 0.0828125 0.3296875
0 0.60546875 0.3625 0.0796875 0.296875
0 0.5703125 0.34765625 0.1046875 0.3546875
0 0.78046875 0.43984375 0.09375 0.2609375
0 0.3921875 0.29453125 0.1421875 0.5890625
0 0.70078125 0.4171875 0.071875 0.259375
0 0.8796875 0.496875 0.1890625 0.496875
0 0.1109375 0.28828125 0.221875 0.5765625
0 0.9109375 0.54921875 0.1765625 0.540625
0 0.278125 0.3890625 0.3203125 0.778125