0 0.034375 0.67578125 0.0671875 0.3703125
0 0.25 0.67421875 0.065625 0.3796875
0 0.1546875 0.6796875 0.065625 0.384375
0 0.09375 0.690625 0.0609375 0.35625
0 0.4328125 0.6828125 0.0515625 0.40625
0 0.5640625 0.68671875 0.075 0.4
0 0.365625 0.69609375 0.06875 0.3625
0 0.865625 0.68359375 0.053125 0.3515625
0 0.665625 0.6953125 0.0875 0.453125
0 0.803125 0.69375 0.0671875 0.390625
0 0.4765625 0.70625 0.0609375 0.390625
0 0.2890625 0.7171875 0.0640625 0.340625
0 0.8921875 0.70859375 0.10625 0.415625
0 0.73125 0.71796875 0.0515625 0.3625
0 0.7671875 0.721875 0.0875 0.425