0 0.2484375 0.334375 0.025 0.103125
0 0.365625 0.33359375 0.0375 0.19375
0 0.27421875 0.359375 0.046875 0.196875
0 0.33671875 0.3515625 0.06875 0.328125
0 0.4015625 0.346875 0.065625 0.2953125
0 0.4375 0.3375 0.0890625 0.35
0 0.2234375 0.396875 0.0828125 0.25625
0 0.61875 0.303125 0.1140625 0.60625
0 0.30390625 0.3859375 0.0609375 0.2578125
0 0.121875 0.4390625 0.16875 0.484375
0 0.90234375 0.31640625 0.1921875 0.6328125
0 0.0828125 0.48359375 0.165625 0.525
0 0.7296875 0.40078125 0.2828125 0.8015625