0 0.7421875 0.2765625 0.0546875 0.1203125
0 0.4171875 0.32578125 0.0515625 0.2390625
0 0.35 0.3203125 0.046875 0.25625
0 0.48359375 0.3421875 0.0453125 0.234375
0 0.32734375 0.3296875 0.034375 0.2328125
0 0.1921875 0.33203125 0.0875 0.446875
0 0.30546875 0.35859375 0.0703125 0.371875
0 0.14453125 0.34453125 0.0515625 0.3484375
0 0.2796875 0.3625 0.0765625 0.359375
0 0.2296875 0.36640625 0.0609375 0.34375
0 0.37578125 0.3828125 0.059375 0.3
0 0.10078125 0.38046875 0.053125 0.4515625
0 0.85 0.52421875 0.0828125 0.54375
0 0.88515625 0.54453125 0.0875 0.6765625