0 0.66953125 0.6484375 0.046875 0.1015625
0 0.60859375 0.659375 0.0125 0.0734375
0 0.809375 0.64921875 0.01875 0.0828125
0 0.6015625 0.67578125 0.0171875 0.0703125
0 0.63125 0.6796875 0.03125 0.153125
0 0.2984375 0.74765625 0.06875 0.390625
0 0.471875 0.7390625 0.05625 0.3328125
0 0.2140625 0.76875 0.065625 0.3796875
0 0.3421875 0.765625 0.0640625 0.3625
0 0.4390625 0.7578125 0.0703125 0.3546875
0 0.56953125 0.75625 0.0984375 0.371875
0 0.1453125 0.78828125 0.1078125 0.421875
0 0.4015625 0.7875 0.0578125 0.353125
0 0.496875 0.81015625 0.078125 0.290625