0 0.75625 0.35859375 0.0265625 0.1046875
0 0.6390625 0.34609375 0.0421875 0.19375
0 0.7296875 0.38125 0.0515625 0.1984375
0 0.6671875 0.36640625 0.0765625 0.3296875
0 0.60234375 0.35546875 0.0734375 0.296875
0 0.5671875 0.34375 0.0984375 0.353125
0 0.77890625 0.421875 0.090625 0.259375
0 0.38671875 0.29765625 0.1328125 0.5953125
0 0.69921875 0.4046875 0.0671875 0.259375
0 0.8796875 0.47421875 0.18125 0.49375
0 0.10546875 0.29921875 0.2109375 0.5984375
0 0.9140625 0.52265625 0.171875 0.534375
0 0.275 0.39375 0.30625 0.7875