0 0.41875 0.6859375 0.1 0.5546875
0 0.5078125 0.640625 0.090625 0.609375
0 0.659375 0.67734375 0.0703125 0.325
0 0.87421875 0.66875 0.075 0.3421875
0 0.95859375 0.70625 0.0640625 0.2734375
0 0.10703125 0.67890625 0.0609375 0.2703125
0 0.053125 0.67421875 0.0484375 0.25
0 0.2734375 0.67109375 0.0421875 0.246875
0 0.3359375 0.675 0.053125 0.234375
0 0.20703125 0.6859375 0.03125 0.1640625
0 0.57578125 0.67734375 0.0359375 0.18125
0 0.60625 0.67578125 0.028125 0.153125
0 0.72109375 0.69140625 0.0484375 0.1765625